# 
#                 ----------------------------------------------------
#                 Data from a 3D direct N-body simulation. 
# 
#                 rows are i-particle; 
#                 coumns are :mass, tag, x ,y, z, vx, vy, vz, ax, ay, az
# 
#                 NTHU, Computational Physics 
# 
#                 ----------------------------------------------------
#                 Time = 0.0
0.000000000000000000e+00 1.000000000000000000e+00 2.000000000000000000e+00 3.000000000000000000e+00 4.000000000000000000e+00 5.000000000000000000e+00 6.000000000000000000e+00 7.000000000000000000e+00 8.000000000000000000e+00 9.000000000000000000e+00 1.000000000000000000e+01 1.100000000000000000e+01 1.200000000000000000e+01 1.300000000000000000e+01 1.400000000000000000e+01 1.500000000000000000e+01 1.600000000000000000e+01 1.700000000000000000e+01 1.800000000000000000e+01 1.900000000000000000e+01 2.000000000000000000e+01 2.100000000000000000e+01 2.200000000000000000e+01 2.300000000000000000e+01 2.400000000000000000e+01 2.500000000000000000e+01 2.600000000000000000e+01 2.700000000000000000e+01 2.800000000000000000e+01 2.900000000000000000e+01 3.000000000000000000e+01 3.100000000000000000e+01 3.200000000000000000e+01 3.300000000000000000e+01 3.400000000000000000e+01 3.500000000000000000e+01 3.600000000000000000e+01 3.700000000000000000e+01 3.800000000000000000e+01 3.900000000000000000e+01 4.000000000000000000e+01 4.100000000000000000e+01 4.200000000000000000e+01 4.300000000000000000e+01 4.400000000000000000e+01 4.500000000000000000e+01 4.600000000000000000e+01 4.700000000000000000e+01 4.800000000000000000e+01 4.900000000000000000e+01 5.000000000000000000e+01 5.100000000000000000e+01 5.200000000000000000e+01 5.300000000000000000e+01 5.400000000000000000e+01 5.500000000000000000e+01 5.600000000000000000e+01 5.700000000000000000e+01 5.800000000000000000e+01 5.900000000000000000e+01 6.000000000000000000e+01 6.100000000000000000e+01 6.200000000000000000e+01 6.300000000000000000e+01 6.400000000000000000e+01 6.500000000000000000e+01 6.600000000000000000e+01 6.700000000000000000e+01 6.800000000000000000e+01 6.900000000000000000e+01 7.000000000000000000e+01 7.100000000000000000e+01 7.200000000000000000e+01 7.300000000000000000e+01 7.400000000000000000e+01 7.500000000000000000e+01 7.600000000000000000e+01 7.700000000000000000e+01 7.800000000000000000e+01 7.900000000000000000e+01 8.000000000000000000e+01 8.100000000000000000e+01 8.200000000000000000e+01 8.300000000000000000e+01 8.400000000000000000e+01 8.500000000000000000e+01 8.600000000000000000e+01 8.700000000000000000e+01 8.800000000000000000e+01 8.900000000000000000e+01 9.000000000000000000e+01 9.100000000000000000e+01 9.200000000000000000e+01 9.300000000000000000e+01 9.400000000000000000e+01 9.500000000000000000e+01 9.600000000000000000e+01 9.700000000000000000e+01 9.800000000000000000e+01 9.900000000000000000e+01
1.000000000000000056e-01 1.000000000000000056e-01 1.000000000000000056e-01 1.000000000000000056e-01 1.000000000000000056e-01 1.000000000000000056e-01 1.000000000000000056e-01 1.000000000000000056e-01 1.000000000000000056e-01 1.000000000000000056e-01 1.000000000000000056e-01 1.000000000000000056e-01 1.000000000000000056e-01 1.000000000000000056e-01 1.000000000000000056e-01 1.000000000000000056e-01 1.000000000000000056e-01 1.000000000000000056e-01 1.000000000000000056e-01 1.000000000000000056e-01 1.000000000000000056e-01 1.000000000000000056e-01 1.000000000000000056e-01 1.000000000000000056e-01 1.000000000000000056e-01 1.000000000000000056e-01 1.000000000000000056e-01 1.000000000000000056e-01 1.000000000000000056e-01 1.000000000000000056e-01 1.000000000000000056e-01 1.000000000000000056e-01 1.000000000000000056e-01 1.000000000000000056e-01 1.000000000000000056e-01 1.000000000000000056e-01 1.000000000000000056e-01 1.000000000000000056e-01 1.000000000000000056e-01 1.000000000000000056e-01 1.000000000000000056e-01 1.000000000000000056e-01 1.000000000000000056e-01 1.000000000000000056e-01 1.000000000000000056e-01 1.000000000000000056e-01 1.000000000000000056e-01 1.000000000000000056e-01 1.000000000000000056e-01 1.000000000000000056e-01 1.000000000000000056e-01 1.000000000000000056e-01 1.000000000000000056e-01 1.000000000000000056e-01 1.000000000000000056e-01 1.000000000000000056e-01 1.000000000000000056e-01 1.000000000000000056e-01 1.000000000000000056e-01 1.000000000000000056e-01 1.000000000000000056e-01 1.000000000000000056e-01 1.000000000000000056e-01 1.000000000000000056e-01 1.000000000000000056e-01 1.000000000000000056e-01 1.000000000000000056e-01 1.000000000000000056e-01 1.000000000000000056e-01 1.000000000000000056e-01 1.000000000000000056e-01 1.000000000000000056e-01 1.000000000000000056e-01 1.000000000000000056e-01 1.000000000000000056e-01 1.000000000000000056e-01 1.000000000000000056e-01 1.000000000000000056e-01 1.000000000000000056e-01 1.000000000000000056e-01 1.000000000000000056e-01 1.000000000000000056e-01 1.000000000000000056e-01 1.000000000000000056e-01 1.000000000000000056e-01 1.000000000000000056e-01 1.000000000000000056e-01 1.000000000000000056e-01 1.000000000000000056e-01 1.000000000000000056e-01 1.000000000000000056e-01 1.000000000000000056e-01 1.000000000000000056e-01 1.000000000000000056e-01 1.000000000000000056e-01 1.000000000000000056e-01 1.000000000000000056e-01 1.000000000000000056e-01 1.000000000000000056e-01 1.000000000000000056e-01
2.418853914576989950e-01 -1.442886469689464990e-01 2.583450851588215080e+00 -1.392992219518598418e+00 -6.013014619296752628e-01 4.159212740311689638e-01 -1.871266552554416429e-01 -1.734946789610462559e-01 9.384685582555744032e-01 -1.964374176325000443e+00 -1.898913912862831399e+00 1.407519357306044605e-01 1.535718729898611634e-01 1.024992714584074927e+00 -3.132663905699213380e-01 -1.927838898756319697e-01 2.678012621949120153e-01 2.861565316533455361e-01 3.447162701879989410e-01 2.177328457448217680e+00 1.165232160284861651e+00 -7.611077382170046146e-01 -1.143021580544557825e+00 9.161764747032872247e-01 -1.416969624036600539e+00 -1.073732338255888763e+00 -5.097559430792987234e-01 1.450352200980700612e+00 -4.246733402810640157e-02 1.099784076990298898e+00 -2.355400697083674666e-01 -4.499213308500152886e-01 -9.020892109138479720e-01 6.091600550135873871e-01 -5.475421938765126506e-02 6.569241410486391652e-01 -4.593916721821432736e-01 1.297163388523704386e+00 1.829810082899177681e+00 9.267660931797814250e-01 -5.809288876072301600e-01 -1.109696510943601000e+00 -3.073702672418179738e+00 1.239459241698333658e+00 -6.390484974160824949e-01 -1.100732839267912100e+00 1.235465050183080837e+00 -1.637544631981010523e-01 -1.167604591844419309e-01 -9.007384346380359341e-01 2.542813820154167903e+00 -1.795739549454106188e-01 -5.307086273869426885e-01 1.724610905845312736e+00 -5.030411861147647545e-02 -8.286698101168468167e-01 -1.849996695122692714e+00 -1.329973677201181648e+00 -5.225286531155418634e-01 2.430987410244525471e+00 1.991640846079389515e+00 1.113674625632999460e+00 8.206323840011253701e-01 -1.055167175963160009e+00 -5.168576382856500395e-02 -6.743465855720122137e-01 -1.012660563919032697e+00 7.700750330392500675e-01 -1.147914829515418456e+00 -8.565092217921980167e-01 9.016354449242153235e-01 2.519389728356926650e+00 -1.309429234630865135e+00 9.503290213609668635e-01 -1.311530359624490938e+00 4.138371203488579453e-01 -8.905864546044672814e-02 2.504352484146216695e-01 -5.257471403980510383e-01 -2.309608133500291149e+00 1.148223020509978598e+00 -5.888283572885664174e-01 1.161122557547510148e+00 2.127357940737248376e-01 -6.298232766305800201e-01 6.040342013789168352e-01 1.873450988859741262e+00 6.688008555708085945e-01 3.223572719104366713e-01 4.662925150264569663e-01 1.035463245920510644e+00 -1.229855900443969752e+00 -3.868869500207105516e-01 1.689734906002099191e+00 -2.333731708556381790e+00 -4.609866024196222073e-03 -4.910711954477637864e-01 2.894111786144650811e-01 -6.924586565009656358e-02 -1.648140450688117431e+00
-7.487771286701959683e-01 -1.234902955920846424e+00 -9.642661685849278630e-01 1.879160469916858478e+00 2.097049982255840828e+00 -6.953577803173124350e-01 -1.129455895569620560e+00 -1.088882703406367503e+00 3.309224940889102795e-01 -2.547656095537279008e-02 -4.447485716371556846e-02 -1.400673570555859004e-01 -3.537235230282653742e-01 1.082859671255787637e+00 -3.492202673053975137e-01 -1.559093510436704577e-01 1.965940938959292339e+00 3.309874294505395498e-01 -1.514746449223263181e+00 -3.795350465933032824e-01 1.996480710070556386e+00 9.108110534966011862e-01 -1.583550330926272176e+00 1.185794493895564877e-01 4.491627205616670615e-01 -1.261300013978628343e+00 2.533031727247016529e-01 -1.450110222352481992e-01 1.231207696593028977e+00 -1.282655685994295247e+00 -1.120306808063230131e+00 1.760597774453406261e+00 -3.571560426819173628e-01 -3.635316312551931661e-01 2.100626022988137387e-01 -1.250253114347285921e+00 -1.252324420204140365e+00 1.241296861690997844e+00 -9.963227309055751046e-01 -1.657084624389715710e+00 2.891404573921265708e+00 -1.218309327228683375e-01 2.099433765137124652e+00 -1.889890905495655637e+00 3.907730275191789171e-01 -2.426687273349872054e-01 -5.413337088940398667e-01 5.361432998103432546e-01 4.321911080498500590e-01 4.928691602616452894e-01 -1.044401531753230694e+00 -1.287057827950918387e+00 5.386202437305576129e-01 8.673742565569805274e-01 8.430722424319721242e-02 1.925294929135425159e-01 -1.092767852513955251e+00 2.279682380575847489e+00 1.642384402520668640e+00 -2.146085821587402354e-01 -6.497262142215203262e-01 -1.406669110889867014e+00 -3.019910716124636282e-02 -4.473305387289114310e-01 -2.455103638286823819e-01 -4.553009456561444290e-01 -1.460618288825535904e+00 -1.618577877532196174e+00 1.757174499904418097e+00 1.141076026585177816e+00 2.238331240004853395e+00 6.561765643927180980e-02 -1.081472734351262233e+00 6.309664531166850887e-01 6.564544945005656995e-01 -5.360993484216265426e-01 1.854722417291968517e-01 6.010615984133408363e-01 -1.262474339723341776e+00 3.468611609159423237e-01 3.567807358631828324e-02 2.776157122723317272e-01 -2.780538078954690184e-01 -4.540718649671325879e-01 -5.280799653790394649e-02 1.342005851263844640e+00 7.962497507525201357e-02 1.143249760361780970e-01 -2.836179849668781783e-01 3.956666022814495087e-01 -1.005023746951742014e-01 -9.209087615204022415e-01 2.044467490449480146e-02 -1.639793449498039957e+00 -5.187174199305056854e-01 2.563655400537931395e-01 1.478266959037717321e+00 1.685289437519740030e+00 8.159215911836036339e-01 1.778038952542700391e-01
-7.577945727746112636e-01 -2.407386206920320570e-01 -9.978739050005486222e-01 -1.902977150339076218e+00 -1.026814998444783189e+00 -9.310667642504792951e-01 -7.699696488845876319e-01 -3.063531806271155844e-01 1.100924115828090938e-01 9.709815065595496231e-01 -6.139949314667840774e-01 3.220688707173673948e-01 1.748128785581142708e+00 -1.928584893307951631e-01 -2.299924507507570826e-01 -3.901673999895481360e-01 1.307244055547288841e+00 7.846780612644805863e-01 7.772995806344979997e-01 -2.730935236330799265e-01 6.532592624021318350e-01 -1.357281643166388774e+00 2.544509105182976016e-01 6.718366413925500047e-02 -1.513262559045203126e-01 -2.569928771839955495e-01 -5.721100708201708879e-02 -4.895901630919130554e-01 5.839523549328165530e-02 2.389866616249954751e-02 -5.040125790681725393e-01 -2.207510671743572850e+00 -2.215070066057907849e-01 -6.072418475148745332e-01 -2.750960406578106254e-01 3.386547017555476824e-01 8.490415956883390347e-01 1.034131796011338311e+00 -1.296659174227825506e-01 6.950423012154112179e-01 4.289991098793241586e-02 1.123802495296588821e+00 1.460437107498306242e+00 -9.887455105652925846e-01 9.385750686307672841e-02 -1.702941310194577840e-01 -2.304422198722744786e-01 8.163651273055998192e-02 -1.426849167379541150e+00 1.277328899841081666e+00 6.836703941040225274e-01 -6.089462840080165362e-01 -6.934633797519406118e-01 -7.492817875436132147e-02 -3.038818524884947525e-01 1.169749392756979978e+00 -8.522313374478071579e-02 -9.960796599656840389e-01 -1.097305659278309919e+00 8.691796558586344368e-01 4.390107123740624173e-01 -1.648511295384113770e-02 -8.245534636317185528e-01 -2.277975527765098374e+00 4.410205472133623128e-01 -7.288454344121494399e-01 -5.437764651397805071e-01 7.977080364675105395e-01 -1.459612016035124249e+00 -1.999846187782917117e-01 -1.381219901668850669e+00 -9.096145092628268314e-01 -5.688303854673184418e-02 -2.718160616761836762e-02 1.556961875847057697e-01 1.471733276299574067e+00 1.845762315509049234e+00 6.013606316010657871e-01 -1.942323058738207042e-01 1.861742170271520891e+00 -2.315847456330946574e+00 -2.239279659373423215e-01 2.544127171637631246e+00 1.830434323862889290e+00 1.761549375147239693e-01 -4.218233317049569497e-01 -1.025111526490742886e+00 6.602864046383322139e-01 4.865211995619162511e-01 -7.831087794013026349e-01 3.465957818213715735e-01 5.090186293036976783e-01 9.000595762855817528e-01 -4.447089302734671401e-01 -1.155641838830326229e+00 -2.669583091370339792e-03 8.135777819514707077e-02 -3.264949531209793143e-01 3.428295511698935982e+00 -8.618269238449665082e-01
1.031734004087349471e-01 1.721003507835900947e-01 1.043179395158528644e+00 -1.795350513036655105e-01 -9.193313191418603925e-01 -7.488523249116587621e-01 -1.070743172096595641e+00 -2.837707081185610658e+00 1.090462630510965480e+00 1.930493007742591471e+00 6.043465580209999022e-01 6.566184147061996379e-01 8.873421119624632647e-01 -5.012181358109569773e-01 9.481589135543091462e-01 -1.183135073989832531e+00 -1.876078631825367271e+00 -2.519434158514432531e-01 8.341014521061218545e-01 9.351393591843608633e-01 -5.189723731718301480e-02 -4.694200964276863397e-01 6.306774392190377387e-01 -8.294705187218677223e-01 -7.996122885987463347e-01 1.593754102984387799e+00 9.943790428677496962e-01 -9.540692868058504861e-02 -2.436147857446905096e+00 -3.813926985054664348e-02 4.529983913658558459e-01 -5.882258618846690768e-01 -3.916269352147749849e-01 -1.997398766673375015e+00 -2.945120222523408327e+00 1.640442825331712429e-01 -4.566175482465602009e-01 1.622022628544136813e+00 1.909109594602893811e-01 -3.983383262648735879e-01 -2.458351298700479914e-01 1.085407560133721860e+00 5.338632883717251421e-01 -1.679504075047443257e+00 -5.075188449205843000e-01 9.934039478457994399e-01 -3.839470399335396245e-01 1.126583143233251150e+00 -1.561180513037940143e+00 2.718840033520718014e-01 1.291840541800368669e-01 -8.095134744661164339e-02 5.893382606184319195e-02 -2.402401473240648247e-03 -1.931606649562440658e-01 1.305003751684635782e+00 -3.694682324946235163e-01 2.168730715846096668e-01 6.358293936832731807e-01 -3.297165587511609597e-01 3.699489243603446553e-01 -2.008135908833278901e-02 8.149771694275446121e-01 -3.196924718738814453e-01 -2.353879290865655172e+00 -5.023109914093066841e-01 -1.227221316364822679e+00 1.057277391285946111e+00 1.743348760607194015e-02 -5.071989284506046580e-01 2.198254268030207736e+00 7.219727969290598013e-01 -4.935303274727756984e-01 -2.406518113068960574e+00 -1.193219452549233450e+00 -1.098524282416345255e+00 3.746928085572518441e-01 2.331076413213281739e+00 5.112247874046652596e-01 7.910831872696426625e-01 1.662049945728780731e+00 -3.963555654805244188e-01 -1.627999184275465139e-01 1.144815352115804208e+00 2.247032755959545158e-01 1.952292805285411159e+00 5.919620359476991389e-01 -8.625803209405766836e-01 1.302962914855895660e+00 6.833303564772575944e-01 -7.651950109329011540e-02 -2.795417148339056079e-01 8.219103452071853111e-01 2.417710762015041689e-02 1.228954915540775517e+00 -9.896885546466852590e-01 -6.521929956273003759e-01 -1.143964163692435809e+00 2.911511264531588816e-01 4.357130211672086140e-02
1.320008102278036333e+00 1.300612257356867918e+00 -5.996848280469651016e-01 -2.788734156073799930e-01 -6.779444153813284357e-01 1.651800978638537698e+00 1.244822900905798502e+00 -2.245164127153936873e-01 -4.516952074083202540e-02 8.224394243627104473e-01 -5.295541393113599449e-02 -1.860244324884266776e-01 1.690968436336877545e+00 2.645124974811333685e-01 3.856689909281051376e-01 9.118473604092742768e-01 -2.966876749709221328e-01 -7.714430742569604593e-01 -1.126478611239845051e+00 -1.107816583082906758e-01 1.219557694720257990e+00 3.978708555671550684e-01 1.962384602228903763e+00 -8.248440451429068787e-01 -5.138064485366431455e-01 8.669018083245461082e-01 1.019876874680792689e+00 5.227068962777426941e-01 -2.125336477216942299e+00 -1.929312966812520180e+00 -1.846470206691480209e+00 2.218397339635709287e-01 2.726085906764952327e-01 -1.838022622425439928e-02 6.233775560191806564e-01 -1.607520663353531887e-01 -4.104126768104092160e-01 7.311871693838520869e-01 -5.275759808288481567e-01 -1.229603012095549647e-01 -3.935011305605589649e-01 -6.035636444861337546e-01 -7.272886384428450812e-01 -1.434669792443576508e+00 -1.402731808960665794e-01 -1.064984761926951240e+00 -3.319143380454627756e-01 1.843925798755411183e+00 -1.157267803444160137e+00 -1.805856037331222241e+00 -1.440875586262150065e+00 1.310509708942990403e-01 -9.585905802865670733e-01 1.304262476546506955e+00 2.175455678883152277e+00 6.529726265914436167e-01 -4.969999179134600986e-01 1.140110228497952294e+00 2.335523267157416427e+00 -3.371180910521440199e-01 1.035417323750139618e+00 -1.567894762025787037e+00 3.137774410055498842e-01 -1.062789881289787353e+00 -4.438461793293728697e-01 1.308262104499970491e+00 -2.713607906140231840e+00 1.588795696300287608e+00 -1.071582935065331199e+00 -4.373314851721220309e-02 2.161270134566279477e+00 -9.954187478302153336e-01 4.444028063065409428e-01 -1.296742361128173648e+00 2.600269498884439368e-01 1.735643380828317817e+00 1.800523806971835006e+00 -4.401141345011365669e-01 4.570883868431862007e-01 -1.789621232308427734e+00 3.563270846633956879e-01 -1.481957661242882418e+00 -6.995792189398645222e-01 -1.502969455481857564e+00 -2.435996172345470667e-01 7.250974234147917752e-01 1.627508005116643786e-01 1.473173780195276894e+00 2.332491427266472350e-01 1.293109711553465102e+00 5.851269321515983890e-01 -1.506669440548382255e+00 -7.020689176591253799e-01 -5.437417961615498285e-02 2.604565145613568222e-01 -8.681915305080270540e-02 -3.308761021315784201e-01 -1.243938486380863573e+00 -7.200404961433337636e-01 2.580465760103632378e-01
1.392791611492134818e+00 -1.064231420097383918e+00 -4.208134747188614355e-01 2.377910899673785911e-02 -1.722048886978966742e+00 -6.444412114063469144e-01 -3.500613549689834403e-01 3.151311995774695340e+00 5.932859049982636135e-01 2.444874693507037289e-01 4.501293143072046532e-01 -1.477695585488051321e-02 -2.764745052261169400e-01 1.073952169306650717e+00 1.718723347563911874e+00 6.811815608740274808e-01 7.795814312433783089e-01 -5.713375206985026045e-02 -1.776859928134729927e+00 -2.277325985845538719e-02 3.855308262921777196e-01 1.073367021736495674e+00 1.156343171416795768e+00 -1.603952066937404664e-01 -7.317560563624057046e-01 -1.103395934499808773e+00 -1.001410857033367963e+00 -2.661105940577747631e-01 -4.496163740938337039e-01 -5.672506520109070749e-01 -3.392919050960605531e-01 -1.369328875037342241e+00 3.266845632496042651e-01 -4.272387348746897184e-01 -1.251103622025406592e+00 -8.464206916674072989e-01 -1.090285329925218205e+00 -1.389736304718325766e+00 1.071064404340553278e+00 1.378950075705888567e+00 6.873592974366412589e-01 3.112793458276642833e-02 7.862688547626767166e-02 1.769471059300915458e-02 -1.619940987297684210e+00 -1.820732245040706410e+00 -4.384716101553160494e-01 1.062713235856156180e+00 -2.431626556281794166e-03 -6.950388063522247029e-01 -5.592688288388530937e-01 1.492480895356683712e-01 -9.444265975909246214e-01 8.446434581334554270e-01 1.864645129362621834e+00 -1.699867280282446824e+00 3.897991065603259031e-01 -1.076685057330227568e+00 -6.374952213395853606e-01 -1.476147770868439513e-01 -3.072243103171392042e-01 -9.741123369394302234e-01 2.744412519078605686e-02 -9.407453037136682683e-01 -2.556936374140034163e-01 5.225015777093028335e-01 -9.031508458036026088e-01 1.060401013886119070e+00 -1.921039034161334591e+00 1.213054351876470482e+00 1.604411926782591591e+00 -5.471555588255616609e-01 2.339682023813779155e-01 -7.398030832957767089e-01 5.076656142532762761e-01 -7.887216524439717436e-01 7.920995477140180263e-01 6.768818805208310918e-01 5.328593250787136970e-01 2.405949879103718436e-01 2.782208334476792347e-02 -1.420637770949266354e+00 7.274877039143917701e-01 7.924451147470826795e-01 -2.921098578737187923e-01 2.279521043184090101e-01 1.588640870018432349e-01 -1.004546831264027995e+00 1.325272740821588524e+00 -3.872429823845665586e-01 -3.496378529840604710e-01 -3.058672574301851688e-01 -7.998079725298645748e-01 1.685802255624556434e+00 3.270234836690391056e-01 1.056913934355548257e+00 -1.943520630679027306e-01 7.947964148561017517e-01 9.111914084557829474e-01 3.987450597824591103e-01
2.480700592247084835e-01 -1.661184795448392038e+00 -1.002611252167493028e+00 7.479162127413465644e-01 7.568810488716945506e-02 -1.668117946922283101e+00 6.024971493987345272e-02 -4.062591009915561546e-01 -1.596775792776280678e+00 1.310175333313536195e+00 1.843712764474859434e+00 -9.758881290654023433e-01 2.149260614035636952e+00 -1.245232629065299079e+00 8.396223745802865457e-01 7.987469039098286927e-02 -5.497893864563366262e-02 -3.740830665298902624e-01 5.577882137066885182e-01 -1.508659495566728959e+00 -5.882257103908602458e-01 6.008623737684588573e-01 9.353233286435472804e-01 -1.071040888601099361e+00 2.003107123560615488e+00 1.114085905444720304e+00 -3.206082952142720321e-01 -1.509497349450386494e+00 -2.164845546915595553e-01 -3.903581341343100308e-01 1.759554502722150415e+00 -4.933651991360971101e-02 5.055590677064071281e-01 -1.026250424695329899e+00 -5.816728937710807790e-01 -2.163756477263104328e-01 4.737163340767693853e-01 -8.217690987276133896e-01 -1.344070503622791790e+00 -3.033262758629638789e+00 1.655001401432719121e-01 1.474465916686167999e+00 4.328482505346541998e-01 -4.484898776890381966e-01 2.546168519979805200e+00 3.462986201488328586e+00 -1.191424395415435322e+00 1.600593704562972008e-02 -5.754038091061548787e-02 9.974989887935856725e-01 -1.138934968096120492e+00 -7.169937330856709368e-01 7.554280363984562374e-01 -1.507128956701194511e+00 -1.382269822535460824e+00 5.800807139938438661e-01 1.871399457673121436e+00 6.876317271128331576e-01 -2.048490404155771383e-02 -1.123325446794071869e+00 -1.124923557808044094e+00 -1.463829704614006966e+00 -1.280862297453026821e+00 3.914796133213437890e-01 1.630971705090179080e+00 1.128031049915940498e+00 1.069477931764913681e+00 1.299046428449205592e+00 6.035704461338959881e-01 1.065104859524130143e+00 -4.425884786933166337e-01 -1.272291826138969295e+00 1.851876716661319033e+00 -1.244332137477859757e+00 1.576291959577225343e+00 -9.798467951543261556e-01 1.876391484316735914e-01 -2.948770219518203617e-01 1.514835461900317926e+00 7.238758082794312099e-01 -3.879784216903884864e-01 2.766819929509630960e+00 -4.679151660371552723e-01 -1.973981363542625767e+00 1.603505694672237247e+00 -7.321288474502116728e-01 -9.835350324066088890e-01 -1.438796074514944845e+00 -1.826341313841450598e+00 -6.964677663866295498e-01 -1.893198299135414153e+00 1.218612284214175112e+00 7.467209346701998429e-01 -1.047670683721227736e+00 1.082309044862843850e+00 -1.404844547910586883e+00 6.240063329351381860e-01 -1.755457208099277244e-01 5.098588787895072354e-03 1.076208147646616542e+00
1.063406546917861073e+00 5.367378399495170704e+00 4.271858873617662700e-01 -6.091200086717594164e-01 -1.506802268777518883e+00 5.814739320826833868e-01 2.099296949338906315e-01 -2.691368218822755232e+00 -2.209833597061717558e+00 -2.568156823830851886e-03 2.111379192765501234e-01 -4.068313786071846017e-01 -3.196009979862333150e+00 -1.526759301911885691e+00 2.021282076992375831e+00 9.420465178340565737e-01 -9.320994842684895421e-01 -5.124630942161245706e-01 1.281462341969573204e+00 -1.336648866013051551e-02 -1.087595955073795695e+00 -4.817166589349083372e-01 1.817816609219345070e+00 1.492088818605208145e+00 -4.904586428646185436e-01 1.244783661767167038e+00 5.351072889098976160e-02 -2.083954787050938118e-01 -1.603407163690665493e+00 -4.293966355848469973e+00 -5.424892770484504023e-01 -5.290971562117577909e-01 1.496998086888547741e+00 4.424057234648594572e-01 -6.594495869843821190e+00 8.472547091611803971e-01 1.212211156928603595e+00 -7.473371459112673199e-01 7.547113309402923020e-01 2.026490353711182912e+00 -9.774741548196986818e-01 6.269407091971106460e-01 -3.095928367156285943e-01 1.089295265086947184e+00 -2.566672767157999413e+00 -4.326236057657308898e-01 7.079871195579329202e-01 -2.813351470708333579e+00 -3.396495482192023463e-01 -1.648892423921361816e+00 5.688269214598911105e-01 5.425032181459735092e+00 -1.189295691510216857e+00 -8.591564628173312679e-01 4.854963133615084026e+00 6.756754339274936849e-02 7.217808002454223493e-01 -9.887105926468860995e-01 -6.423814678467933970e-01 -2.097769474343894602e-01 2.315248534292878024e-01 6.727627239016064742e+00 -3.604801705081737695e-01 2.182419538052685626e-01 1.511449363826355530e+00 4.774750539396086513e-01 2.014084140576072546e+00 9.342247878109019021e-01 -5.425105406856965962e-01 -1.404808060161678362e+00 -7.859782271089683636e-01 -2.644510207696577631e-01 5.306269329811122981e-01 -1.831559288685114195e+00 -1.311013100422485644e+00 8.166317953482598035e-01 -6.237803877953294052e-01 -2.206331610430513290e+00 1.947885641822068026e+00 -1.371229639272477652e-01 -3.784006009272147114e-02 -1.195263568258477793e+00 5.910917395758068932e-02 3.788593286038302033e+00 8.597708027818992127e-01 -1.275407900295507213e+00 -3.085204590491782417e-01 -2.627405476120052708e-01 1.683909970648258758e+00 -1.037603632660918818e+00 7.403450341551345293e-01 6.227248442131022577e-01 -1.203996740899033746e-01 1.168051885405746670e+00 2.835686932650866576e-01 -1.051024648844813170e+00 -1.826934483980222623e+00 -1.807539284783637346e+00 -1.695429075363956428e-01 -4.932004404517393858e-01
6.526945607717862252e-01 -3.088198540503216183e+00 5.619002592052951828e-01 1.021897505872317202e+00 3.144958986564969639e-01 2.944811634728704330e+00 4.724493836253391699e+00 -1.151912713536931365e+00 -8.122091072780011078e-01 -6.262394009880053458e-01 2.132047610481781208e-01 1.975613239958800282e-01 1.058015630755153369e+00 2.844170289969236154e-01 -1.888191689006299689e-01 2.476390060154892936e+00 -7.336191025864619020e-01 -2.356742136338858096e+00 -1.079692466458441302e+00 1.670926414393380799e-01 -3.499651759472281465e-01 1.274375930588730332e+00 -7.867924643070742796e-01 6.786220527201315411e-01 4.685995505998058475e-01 2.820362941578004601e-01 -1.479323230130714428e+00 7.929378648983544942e-01 -3.711895999317942896e-01 -1.650691771548116193e+00 1.583416787472583520e+00 9.903340944892286002e-01 6.844117633826801717e-01 8.372982030295095246e-01 8.626670337197217542e-01 -3.815955019536336756e-01 -1.222664021044162386e+00 -8.496633509913925630e-01 1.390038481923583091e-01 4.974660898531875208e-01 -1.515222010445281264e-01 -1.233753077875590076e+00 -2.182344065702676861e-01 8.146165311719820723e-01 -2.301143692152318732e+00 -1.629346251452752914e-01 2.395355216784939845e-01 -9.656702592054708933e-01 1.752321899938122707e+00 -1.648883990390574539e+00 -4.833606376140789362e-01 2.158719367213132401e+00 1.806115727439737029e+00 7.231626122494273952e-03 2.931167367649497812e+00 -1.275465003943518916e+00 2.264088666830091356e-02 1.257500042186757150e-01 6.896307998392599004e-01 -6.735108554841607864e-01 -6.466183094513962004e-01 1.988803824814222576e+00 1.748807699457561204e+00 1.047153506210239726e+00 -2.049262826179224284e+00 2.074399751258483082e+00 1.555905703023602982e+00 -2.530771002995543917e+00 5.755605674701281815e-01 1.693828223722502191e-01 5.338179359531599610e-01 5.242767433626345230e-01 -3.339868311076149010e-01 3.111050388391669030e-01 -9.386376400410851861e-01 -6.818475944636473995e-01 -1.572285789599166206e+00 -1.011833059297395865e+00 -6.177138255801079003e-01 -6.550302672904004808e-01 9.901719127186074942e-01 3.819854606402035557e+00 -9.406976736749816936e-01 -4.672420574916548830e+00 -1.655801358364014320e+00 7.186476267481057834e-01 1.037047562672394951e+00 -1.777224883031304214e+00 -1.911510888624244009e+00 1.616421126808202047e+00 -1.250572059361598098e+00 -1.234229401608702092e+00 -1.862272350082142536e+00 4.308876038760428573e-01 6.438816002560735496e-01 -1.537544525840226495e+00 -4.852479057607900215e-01 2.142262963217249905e-01 -6.649461011851790504e-01 1.245424756233282526e+00
