# 
#                 ----------------------------------------------------
#                 Data from a 3D direct N-body simulation. 
# 
#                 rows are i-particle; 
#                 coumns are :mass, tag, x ,y, z, vx, vy, vz, ax, ay, az
# 
#                 NTHU, Computational Physics 
# 
#                 ----------------------------------------------------
#                 Time = 0.0
0.000000000000000000e+00 1.000000000000000000e+00 2.000000000000000000e+00 3.000000000000000000e+00 4.000000000000000000e+00 5.000000000000000000e+00 6.000000000000000000e+00 7.000000000000000000e+00 8.000000000000000000e+00 9.000000000000000000e+00 1.000000000000000000e+01 1.100000000000000000e+01 1.200000000000000000e+01 1.300000000000000000e+01 1.400000000000000000e+01 1.500000000000000000e+01 1.600000000000000000e+01 1.700000000000000000e+01 1.800000000000000000e+01 1.900000000000000000e+01 2.000000000000000000e+01 2.100000000000000000e+01 2.200000000000000000e+01 2.300000000000000000e+01 2.400000000000000000e+01 2.500000000000000000e+01 2.600000000000000000e+01 2.700000000000000000e+01 2.800000000000000000e+01 2.900000000000000000e+01 3.000000000000000000e+01 3.100000000000000000e+01 3.200000000000000000e+01 3.300000000000000000e+01 3.400000000000000000e+01 3.500000000000000000e+01 3.600000000000000000e+01 3.700000000000000000e+01 3.800000000000000000e+01 3.900000000000000000e+01 4.000000000000000000e+01 4.100000000000000000e+01 4.200000000000000000e+01 4.300000000000000000e+01 4.400000000000000000e+01 4.500000000000000000e+01 4.600000000000000000e+01 4.700000000000000000e+01 4.800000000000000000e+01 4.900000000000000000e+01 5.000000000000000000e+01 5.100000000000000000e+01 5.200000000000000000e+01 5.300000000000000000e+01 5.400000000000000000e+01 5.500000000000000000e+01 5.600000000000000000e+01 5.700000000000000000e+01 5.800000000000000000e+01 5.900000000000000000e+01 6.000000000000000000e+01 6.100000000000000000e+01 6.200000000000000000e+01 6.300000000000000000e+01 6.400000000000000000e+01 6.500000000000000000e+01 6.600000000000000000e+01 6.700000000000000000e+01 6.800000000000000000e+01 6.900000000000000000e+01 7.000000000000000000e+01 7.100000000000000000e+01 7.200000000000000000e+01 7.300000000000000000e+01 7.400000000000000000e+01 7.500000000000000000e+01 7.600000000000000000e+01 7.700000000000000000e+01 7.800000000000000000e+01 7.900000000000000000e+01 8.000000000000000000e+01 8.100000000000000000e+01 8.200000000000000000e+01 8.300000000000000000e+01 8.400000000000000000e+01 8.500000000000000000e+01 8.600000000000000000e+01 8.700000000000000000e+01 8.800000000000000000e+01 8.900000000000000000e+01 9.000000000000000000e+01 9.100000000000000000e+01 9.200000000000000000e+01 9.300000000000000000e+01 9.400000000000000000e+01 9.500000000000000000e+01 9.600000000000000000e+01 9.700000000000000000e+01 9.800000000000000000e+01 9.900000000000000000e+01
1.000000000000000056e-01 1.000000000000000056e-01 1.000000000000000056e-01 1.000000000000000056e-01 1.000000000000000056e-01 1.000000000000000056e-01 1.000000000000000056e-01 1.000000000000000056e-01 1.000000000000000056e-01 1.000000000000000056e-01 1.000000000000000056e-01 1.000000000000000056e-01 1.000000000000000056e-01 1.000000000000000056e-01 1.000000000000000056e-01 1.000000000000000056e-01 1.000000000000000056e-01 1.000000000000000056e-01 1.000000000000000056e-01 1.000000000000000056e-01 1.000000000000000056e-01 1.000000000000000056e-01 1.000000000000000056e-01 1.000000000000000056e-01 1.000000000000000056e-01 1.000000000000000056e-01 1.000000000000000056e-01 1.000000000000000056e-01 1.000000000000000056e-01 1.000000000000000056e-01 1.000000000000000056e-01 1.000000000000000056e-01 1.000000000000000056e-01 1.000000000000000056e-01 1.000000000000000056e-01 1.000000000000000056e-01 1.000000000000000056e-01 1.000000000000000056e-01 1.000000000000000056e-01 1.000000000000000056e-01 1.000000000000000056e-01 1.000000000000000056e-01 1.000000000000000056e-01 1.000000000000000056e-01 1.000000000000000056e-01 1.000000000000000056e-01 1.000000000000000056e-01 1.000000000000000056e-01 1.000000000000000056e-01 1.000000000000000056e-01 1.000000000000000056e-01 1.000000000000000056e-01 1.000000000000000056e-01 1.000000000000000056e-01 1.000000000000000056e-01 1.000000000000000056e-01 1.000000000000000056e-01 1.000000000000000056e-01 1.000000000000000056e-01 1.000000000000000056e-01 1.000000000000000056e-01 1.000000000000000056e-01 1.000000000000000056e-01 1.000000000000000056e-01 1.000000000000000056e-01 1.000000000000000056e-01 1.000000000000000056e-01 1.000000000000000056e-01 1.000000000000000056e-01 1.000000000000000056e-01 1.000000000000000056e-01 1.000000000000000056e-01 1.000000000000000056e-01 1.000000000000000056e-01 1.000000000000000056e-01 1.000000000000000056e-01 1.000000000000000056e-01 1.000000000000000056e-01 1.000000000000000056e-01 1.000000000000000056e-01 1.000000000000000056e-01 1.000000000000000056e-01 1.000000000000000056e-01 1.000000000000000056e-01 1.000000000000000056e-01 1.000000000000000056e-01 1.000000000000000056e-01 1.000000000000000056e-01 1.000000000000000056e-01 1.000000000000000056e-01 1.000000000000000056e-01 1.000000000000000056e-01 1.000000000000000056e-01 1.000000000000000056e-01 1.000000000000000056e-01 1.000000000000000056e-01 1.000000000000000056e-01 1.000000000000000056e-01 1.000000000000000056e-01 1.000000000000000056e-01
1.340516248688042644e+00 9.849190376779863865e-01 -1.838359872212551038e-01 -2.218105617619249514e+00 -1.246470230809310076e+00 -5.157673365001060883e-01 1.912388501523442530e+00 3.225138674588466370e-01 -1.468697771842832234e+00 -1.919465216892084214e-02 -5.762745365718128232e-01 1.495157229858183889e+00 1.278850370537433445e+00 4.781855992815934875e-01 -4.139145273249423274e-01 -2.718168670827340039e-01 4.408713741748362391e-01 7.791295368592540127e-01 1.233743045092169366e-01 6.487376702108513249e-02 -1.110068689924795793e+00 9.588988534784284035e-01 -2.346081901934359559e-01 1.936860342792216638e+00 -2.687001528215240409e+00 -1.123209391401278401e+00 -3.925111008781646760e+00 3.071866944060255289e-01 -1.910071097131642304e-02 4.046769843395364163e-01 1.165952619633672027e+00 -7.111102913179603302e-01 1.084679801304782920e+00 7.887093604724637608e-01 1.123520475065854507e+00 1.108839084021146643e-02 -5.435191157972207865e-01 -3.156514326923468006e-01 1.741945121710770872e+00 5.889479098804666773e-02 1.414108262337324673e+00 -1.281155660573886079e-01 5.299866963379069595e-01 1.134921009083723481e-01 -1.115279776567819070e-01 1.248179193409222343e-01 -6.233381816776991657e-01 2.304124650347253667e+00 5.514912490773774545e-01 -1.296811970068845854e+00 2.671749835603820511e-01 2.085061154396029015e-01 -1.834081078568261303e+00 -2.650809235794442387e-01 1.513350785227090434e+00 -6.900337785950485525e-01 -2.371179630249473202e+00 -1.064385357665850185e+00 -2.241905784800096446e-01 -4.993636449551499545e-01 -1.258313824558628669e-01 -4.446607801582646013e-01 1.135802573627515411e-01 1.109366446148151164e+00 -2.621557162760096205e+00 2.996313859264108648e-01 -4.427421651762694088e-01 -1.533561788762572708e-01 1.143017997449238266e+00 -9.627097753588578222e-01 -9.365163613815400412e-01 -1.806073180531195588e+00 -2.455206783084435962e+00 -1.966729067535290421e+00 1.351620728820041584e-01 -1.303824967040125016e-01 3.964822930723438943e-01 -2.069244875177149723e-01 -2.593126337162717565e+00 3.303075776555642329e-01 3.547354994562705310e-01 5.251408991008751914e-02 2.132769136739806282e+00 -2.384251863452408138e+00 4.363770908620382971e-01 -7.362442000871806114e-01 5.191266351292574133e-02 -3.387743342996543672e-01 6.199864637464591599e-01 6.209058158131134375e-01 -9.083117152440262076e-02 4.544392643303163948e-01 6.187871554597502710e-01 -3.489972742377813741e-01 -5.761857939138672613e-01 4.849533126464590782e-01 -1.068483335201424050e-01 2.525696163261523589e-02 -7.347492683937555391e-01 1.683495358676954545e+00
-1.958950788049083291e+00 -1.034733628450922760e+00 -4.027396760764774264e-01 -1.360040563294848681e+00 -5.884271992990317696e-02 1.024131771727366136e+00 -1.303416955676895084e+00 6.298659968893544070e-01 -5.911416533406930324e-02 -3.700350326033551851e-01 -8.657324171283887343e-03 3.586147940359489805e-01 9.028237183158055457e-01 3.431667206516493818e-01 1.199142779834427852e-01 3.240436306651396370e-01 5.843969139870138774e-01 -1.475961343017879068e+00 8.810934546840851755e-01 8.564431488147449256e-01 2.392039182902844008e+00 -1.446391165546247359e+00 -2.009247599548564800e+00 1.320010192456929632e-01 1.773652353162989692e-01 1.168015957314214370e+00 1.730255396685739522e-01 1.962631633076108439e-01 2.840360716396202356e+00 5.025060265567579121e-01 2.843208537874486463e+00 4.411466884086880924e-01 5.500260722035237304e-01 -1.370237496210295225e+00 3.142702629630667599e-01 3.861121392968640542e-01 5.555443568786496700e-01 1.011088301236598985e-01 2.829228635356403343e-01 2.504614518624009301e-01 2.043088370396648923e+00 -2.585031962560008778e-01 1.740904505274517566e+00 1.099082428770597808e+00 6.484582184733449495e-01 1.221853116406148798e+00 4.376050879765378543e-01 6.831775691215754565e-01 6.313059954813692309e-01 -3.293520610439156227e-01 1.809996310719609758e+00 1.637940943821847739e+00 -1.364185122337650269e-01 2.162376816843837979e+00 1.553440165489531344e-01 -6.729995520630976946e-02 -1.405466553437886068e+00 1.656867550985553272e+00 2.052101396542287404e-01 2.454137439098046103e-01 2.228993797913050856e-01 -6.595914499759532035e-01 2.059573646794362833e+00 1.703295443440428159e+00 -8.188713648658225708e-01 5.156050660502573546e-01 9.195507700150830077e-01 3.105333793721128943e-01 8.793352137180543426e-01 -1.729398651918099050e+00 -1.409781025651296593e+00 4.501013676487657378e-01 1.726371629653403739e-01 7.070178270497861073e-01 -6.543351477301180275e-01 -2.666759488504360842e+00 5.128054896097378884e-02 -9.802403629726004208e-01 3.540263889704276856e+00 2.342512742049112529e+00 2.405299153979086613e-01 9.631442198300564916e-01 6.084385353225991722e-01 9.666087440871855563e-01 5.565317096623544346e-01 3.217705561717830176e-01 1.233691931993777802e+00 1.807273353904361723e-01 -1.605630562224987998e-02 6.008244758652000472e-01 -2.374648764909492726e-01 2.731297709196457979e-01 1.607717747942931652e+00 2.053828755299280218e+00 1.865570557161684573e-01 -4.835972716101379909e+00 9.484043664553940683e-03 4.957639842608833614e-01 9.856157215619538725e-01 3.825835211528550994e-01
3.082615733295719362e-01 9.711858777252759811e-01 3.525906286785764343e-01 -8.969346694537232434e-01 -7.028249377369195638e-01 7.628872613174668693e-01 -1.116725243194319983e+00 9.518053174639991010e-01 -1.459912668861782281e+00 -2.057786000696818274e+00 -8.011326689985373561e-02 1.452918570072190718e+00 1.288765502606471269e+00 -1.998602207168493072e-01 4.339026054424474643e-02 -2.166536316910395998e-01 1.567048848094110713e+00 -2.113873375338025939e-01 2.357280265216141757e-01 2.231804402471775806e+00 2.296589375028286639e+00 -5.785240617710437627e-01 2.013764182135754144e+00 -5.244830576081614959e-01 -1.232506149535736117e+00 -1.359070573456300446e+00 -2.352895209539016541e-01 1.409862016120644101e+00 8.022818658077316423e-01 -3.219684034048617693e-01 1.604786597383482949e+00 -8.104868744795572233e-02 1.556285603182904875e+00 7.266826886105155481e-01 6.861127179485992933e-01 1.450265977643625082e+00 -3.762197321854168774e-01 1.001204996823807258e+00 8.930657706016496000e-01 -6.178048953774681884e-01 -4.016952207903595751e-01 -4.738267100812708632e-01 1.646734284025181960e-01 -2.877744976271933569e-02 -7.132428460257496106e-01 -7.197334721248205280e-01 4.484462944978202525e-01 4.664273643299474692e-01 -5.522467844339091353e-02 7.639563276378518175e-01 -5.983974159646716917e-02 1.873643276466551377e+00 -5.089633746261518210e-01 -1.442197292309021384e+00 5.037710170612011984e-01 -8.239517779013371124e-01 -1.227415395348051996e+00 -1.681127616621416632e+00 -1.646976768220965726e-01 -4.347969370348929163e-01 1.410584457039583572e+00 -8.212188758820578860e-01 -3.888714639189181921e-01 2.788231143872543782e+00 -2.461337901514003335e+00 1.547320906749322655e-01 1.038064764805602058e+00 -1.463205482146046621e-01 -9.579343981267020025e-01 -1.713485294268245029e+00 -5.792614862747899052e-01 -2.201421647649673755e-02 -9.865395042342967047e-01 5.741526635165795645e-01 -8.800073873315386042e-01 1.056427031648459608e-01 -1.214048443000038224e+00 9.611059209524345712e-03 -4.952924973818906729e+00 -1.962930211476918707e+00 -2.684292857637051236e-02 -3.160927407549855156e-02 -1.301010968822422509e+00 -6.084500283665109643e-01 1.375926034298468048e-01 9.782011858188799369e-02 8.711849795872614877e-01 -1.192260185533641881e+00 2.067657402740199046e+00 1.663591628717297488e-01 4.442193024941343271e-01 1.845021356252156963e-01 -7.759166649013475858e-01 4.693723232679545831e-01 -3.652471173373132429e-01 1.750495126240122268e+00 6.291931381663868894e-01 1.043205186983645394e+00 -1.032100455380764670e+00 2.160233324393307619e+00
1.673884081533894674e+00 -5.883810055656377713e-01 8.983916601953859660e-01 8.752383900342992629e-01 4.809184318328998953e-01 -9.132766248773804829e-01 7.202327557782192691e-02 -8.873039710652140810e-01 -1.336278599178927662e+00 1.062360670469443047e+00 8.999526074612198556e-01 -8.983358628693491887e-01 3.242882510664124585e-01 -1.887277801186872384e-01 6.530164860466090015e-01 -4.895951143573448738e-01 7.306375044931118223e-01 -5.212895086233388930e-01 -1.502742419514267125e+00 -1.319184344811475507e+00 7.147157277782989482e-01 -1.152796442405929211e-01 -1.588412107261716777e+00 -1.553691849515252132e-01 -7.862483515101299503e-01 -2.296209493354042230e-01 -9.461896864392148609e-01 -1.365366722117474785e+00 -4.055495501586359741e-01 4.671039669112190817e-01 4.332827061132583646e-01 -7.776380697205135251e-01 4.167899824369922235e-01 5.012773873291698906e-02 1.584445602088510929e+00 2.296141017037615750e+00 2.020305754664209363e+00 1.913825889586154405e+00 -3.145824281020797586e-01 4.365160296295734210e-01 -1.361587902294146391e+00 -1.251154835836574830e-01 -1.012524518938428875e+00 1.854322452678042632e+00 1.739159799573645193e+00 9.117366697840204592e-01 -1.400645449845767443e+00 6.594836703816493728e-02 -1.179879025828387107e+00 -6.168165106880456605e-01 -6.209150931561754350e-01 -1.944725597998629707e-01 1.162769672320900671e+00 1.188882711125234665e-01 -1.291186122798022140e+00 2.555562471326682683e+00 -7.158098580276128775e-01 -1.237291341576447934e+00 1.669032826536421821e-01 1.025959877185516511e+00 -9.112106816656774522e-02 1.477147823668862436e+00 -5.999864062335258375e-01 -7.074053374190208965e-01 3.967746142720990910e-01 -2.937180765870679999e-01 1.299153003637200987e+00 1.651868546011803218e+00 3.423777429505786563e-01 -3.094375033555576415e-01 -2.766197425137373322e+00 -1.280385294515795414e+00 2.370200627203534749e-01 -2.487370756684007311e+00 -1.023257815799085479e+00 7.817163257896204698e-01 3.663048635534086328e-01 -2.041954120997233613e-01 -3.488200152591445669e+00 5.019507051902017958e-01 -7.088777309168444729e-01 -1.613034111332676934e+00 3.728234557635600188e-01 -1.008649723272524446e+00 8.525597193610582325e-01 -1.278701660663310591e-01 1.480031017690816464e+00 -1.362991926692947553e+00 9.685769322711440532e-01 1.984222189788185098e+00 -3.966682420638746598e-02 2.244820592851605845e+00 1.565259289945090115e+00 -1.605163519858417764e+00 -7.374447024086037139e-01 2.103861039616254480e+00 4.500582484353142787e-01 1.321041128158533029e+00 -9.004775441049692880e-03 9.204265283773351014e-02
-2.991502278155426242e-01 -8.592303038811358595e-01 -5.963159151416378423e-01 -1.091419162165643053e+00 -1.764954072269961649e-01 -3.276388079322143931e-01 2.943328772691780060e-01 1.414830594945265752e+00 6.095430042992885378e-01 1.110045334588808802e-01 1.289041820984869746e-01 7.973746610416067027e-01 7.031354830097252817e-01 -2.044951502220279327e+00 -2.521252023931701003e-01 -2.593736017962335882e+00 3.035885583470512850e-01 -3.637142979694837214e-02 -1.549161349676717037e-01 5.422947116223891806e-01 9.775053069109685966e-01 -7.197314428792638275e-01 3.566468355466748119e-02 1.021012411844083312e+00 -7.286331036592001709e-02 -7.045244014256767384e-01 -3.835195185889520020e-01 5.713997686613688787e-01 4.152735129263685487e-01 4.694127351896102418e-01 5.785511204894487891e-01 -2.301897034892942173e+00 1.316058884725151978e-01 -3.893811870571620148e-01 2.371236317338793476e-01 1.818459326697502432e+00 1.065282811335899416e+00 -2.496880487352849676e-01 2.132937356262294415e+00 9.746350206688098039e-01 -4.293190530087924728e-01 6.405646416079078254e-01 8.198236954094582085e-01 -5.076660841622626652e-01 1.388339329580571935e+00 -1.239019478703426991e+00 1.004540977171746841e+00 -4.695347314941429318e-01 -6.774814717472139591e-01 2.388910210334987294e+00 -7.648103121824449957e-01 2.494686999535015992e-01 -2.488556012373853987e-01 9.978372026692596819e-01 9.104141751169662067e-01 7.143713407870644350e-01 -8.738456582770642855e-01 1.072495494704601704e+00 1.614809408762094334e+00 7.353068011122175784e-01 2.643412264917641252e+00 -1.591218201503167951e+00 2.369446157600243741e-01 7.601159466029510092e-01 -1.035321882432691798e-01 -1.306264958570079182e+00 -7.826986998591579925e-02 7.794103775060039485e-01 -1.039548670601383895e+00 -1.639400529720476563e+00 1.086277918066451464e+00 5.815672711238952797e-01 -3.161830715180706797e-01 5.607978257607608708e-01 1.880885898572660642e+00 1.521857239710596943e+00 -2.099375640410757471e-01 1.361433721925578710e-01 7.437352871991157244e+00 5.969523803800813599e-01 1.113651338895417675e+00 9.069231160438520067e-01 2.473448929409425290e-01 1.346934783630982402e+00 7.241429064261195592e-01 2.245984030863571679e+00 -1.034900067185727357e+00 2.310643602793893969e-01 -7.177087826774428692e-01 -1.432017543682464256e+00 1.225663468038521886e+00 1.129284219284361734e+00 -6.335884097959612049e-01 5.545452615181264977e-02 7.831996041853905854e-01 -7.714243754214821891e+00 1.670163821043828101e+00 -1.230004278642456095e+00 -2.013690497451086081e+00 6.209371384173972830e-01
2.611521700043696881e-01 1.004957851589561191e+00 -1.194006051920774469e+00 -6.693052828360441797e-01 2.506171039171168902e-01 -3.776487062693430485e-01 1.257883562024363251e-03 4.584595003084997455e-01 3.237609998498287012e-01 -7.504920130790128097e-01 -7.654769459472264836e-01 -1.280093390259840813e+00 1.726795710531993988e+00 -2.438696229221283540e-01 8.792591433625773778e-01 -1.406404461107385595e+00 1.101272995240383107e-01 1.112589579124001027e+00 1.375165060014700513e+00 1.720342386715714156e-01 1.065041854150566625e+00 2.116026063056465567e+00 -2.415400557564356954e-01 -7.991056007021608565e-01 -4.819892135763678143e-01 -2.575771820472315121e-01 -4.344612730044038473e-01 -7.169051316176117128e-02 2.318744924695242737e+00 1.525126438665749928e+00 2.673004124275442650e-01 6.776360868376190005e-01 5.595411600100526350e-03 -8.944303068510495169e-02 -3.802346539757793242e-01 -1.051169046450718181e+00 1.110568687473111466e-01 -8.025842459340916113e-01 2.676700197300993511e-01 -1.605524866820008945e-01 2.641877771782917203e-02 -1.772097918436896125e+00 1.125140906585140765e+00 9.794281429463360666e-01 1.516798465411107300e+00 -1.696543316385010214e-03 4.985456878889570065e-02 6.569740196953498257e-02 1.315116097008913520e+00 -2.664089035987107223e-01 4.806881134222107388e-01 -5.509615036100615759e-01 -6.909921493432028550e-01 1.719025457412459157e-01 1.214325639556420589e+00 -8.469741742981958810e-01 -5.560706272417818008e-01 -1.247768057764998328e+00 7.698569781482828001e-01 -2.162124121668104415e+00 3.785942998752674787e-02 3.355526479905664439e-01 1.289856015531263722e+00 7.308798315190712103e-01 -6.779250778758934004e-01 -3.329062672172054538e-01 -2.844994478357508738e-01 -2.179300975013440389e-01 -5.317469264374378168e-01 1.387265003192046819e+00 -1.742113470576442946e-01 1.319941597963780189e-01 -2.472835127791382370e-01 -1.709487229627529997e-02 -5.807818640058248771e-01 2.291593385435197056e-02 -7.852707937127939575e-01 -1.013507088921069110e+00 -6.230168918684046098e+00 2.791129291015462810e-01 2.909415508371420156e+00 -2.165066212336942408e-01 1.308009942018661498e+00 -3.146962546752253287e-01 -1.519110973527182384e+00 4.823860535009903971e-01 -9.729898438862238930e-01 -8.024449616501989901e-02 1.789922931502984760e+00 1.084033831263501835e+00 1.355874286533218065e+00 -4.288466999830148896e-01 1.484536493465863805e+00 7.790958270947920816e-01 -1.210037529251865918e+00 5.929188302321209747e+00 -2.170101818962018481e+00 -2.073673639880173170e+00 6.148016780353241506e-01 -4.287580383741795287e-01
-6.532653241978884084e-01 -8.466573924333627987e-01 1.154478131042158573e+00 3.977350532110313086e-01 1.714295521989368742e+00 1.740925030549985930e+00 -7.130856348988550142e-01 -1.501643771195817489e+00 8.549344919829489076e-01 -1.467913090970887346e-01 3.376165537983852882e+00 -1.556054861408217915e+00 -1.259606935736987898e+00 -3.911708202046274785e+00 7.627980742988924590e-01 5.031168465188995853e+00 -8.827290492659174426e-01 -2.587352952266579464e-01 1.716119289093196998e-01 2.550257915773340156e-01 3.597294232737585640e-01 -8.217030863394532147e-01 1.113056703036820194e-01 -1.257806820051664110e+00 1.521230524768364845e+00 1.019991221049018515e+00 6.670513453407858062e-01 -1.333040761198579283e+00 5.851067721776648245e-02 -1.161298083885983656e+00 -3.557727590695594633e-01 3.524307160607540013e+00 -6.906880310154147606e-01 -2.526762453258153962e-01 -1.280142161639367560e+00 -1.324427129368294931e-01 2.198344346454169429e+00 1.567753738829323451e+00 -1.849575724201678595e+00 -1.316092653111684330e+00 -9.875205683540569934e-01 -5.408728955965376173e-01 -1.415408335393834482e+00 -1.702143140904253338e+00 -7.174935642904384236e-02 -2.048874466584351128e-01 1.971096601864807507e+00 -1.400477825410376687e+00 -3.954904313286495388e+00 1.377625206683782189e+00 7.055082550207285308e-02 -1.320027889309038568e-02 1.459195018575949021e+00 1.735270406638576568e-01 -1.734185295957953565e+00 1.394010906345995338e+00 9.226776449685927250e-01 5.431208407686709538e-01 2.194804471525895750e-01 -2.132951911920256904e+00 2.378500448426074776e+00 5.852259301615898579e-01 2.323639466335550019e-01 -3.170837274507959380e-01 4.467674431321913553e-01 5.000580287891285280e+00 1.210597825146686457e+00 -8.176446123829373747e+00 -1.305185092260144675e+00 1.965609688971821922e-01 5.613722786827457512e-01 1.494527818837128486e+00 5.403138100660878074e-01 1.303753282370470945e+00 -8.025506243280596808e-01 6.940584348760463207e-02 -1.092113709932440724e+00 1.793275898437079185e-01 8.834739502365163144e-02 -2.552326092382262712e-01 -1.759610580826554416e-01 2.472406887105473405e+00 -9.396750758350528310e-01 1.052356063958365340e+00 -3.314369837417190823e+00 3.837059560578935269e+00 -1.629171482791678394e-01 2.253171935689241567e-01 -3.788932034942107396e-01 -6.676462584552021795e+00 -1.089780677368126449e+00 -2.920874150490355703e+00 -9.541301750892530187e-01 6.407919181509701412e-01 7.312437133610177220e+00 -2.976337559791767187e-02 4.626584590476304909e-02 5.776930942941611580e-01 7.873641020018682379e-01 -9.267259785457931942e-01
9.836286485738221508e-01 7.225150895376735161e-01 4.247811092474056416e+00 5.726734270446968145e-01 6.047073808464705769e-01 -1.809985624412303817e+00 5.195439525652085777e-01 -9.975617318921047305e-01 2.600557631692783644e-01 4.247116217671383920e-01 4.156505206939976382e+00 4.250034163033131196e-01 -1.222610094338757669e+00 2.506915530071627263e+00 1.768116336284454082e+00 -5.531217561737230781e+00 -8.491934599360210223e-01 1.163795786423926559e+00 -1.974118097698802421e+00 -3.662839533618974519e-01 -5.048996370355246510e-01 9.506977171000776661e-01 6.151627569665485407e-01 2.524240859225909128e-01 -1.344937094578007621e-02 -6.424434494596850120e-01 1.172201961225177724e-02 1.607378394319593617e+00 -1.164933461937015968e+00 -1.874973296700759962e+00 -7.277679073994173242e-01 -2.755611770469794219e+00 -1.259583854988168272e-01 1.375974282762295831e+00 2.186609073437108253e-01 -1.512034191411564255e+00 -3.600159252452131753e+00 1.146670113026289961e+00 1.889630974100074412e-01 7.673813124763464444e-01 -9.886094040092510138e-01 2.592549033082701015e+00 -1.622560119681516033e+00 -6.963802839807009981e+00 -1.607293028907172960e+00 -1.614316891539618659e+00 -6.828612429970257747e-01 -2.866717586782925875e-01 -3.170775405444268280e+00 8.492315754842219011e-01 -1.850829464384775802e+00 -1.003837005949519856e+00 5.606489700649355257e-01 -9.975041043929381290e-01 6.888656941440149950e-01 1.184362155637209479e+00 6.638267812280324032e-01 -9.088417042694443282e-01 9.886122787793324207e+00 -2.444439121152009342e+00 2.255646804229604285e+00 1.882165155116443112e+00 -2.010668992241662512e+00 -4.145388657472152127e-01 2.075460947839331549e-01 2.249947867212584718e-01 -8.681119092658371450e-01 -4.483599916707211364e+00 -4.351588425837334406e-01 7.588179589199104402e-01 1.291174906607974737e+00 -2.274171334035804126e-01 4.507770531820931570e-02 -3.916893304922228758e-01 1.634009162930637915e+00 8.826802970904666923e-01 4.487359728439831996e-01 2.084371120398453847e+00 -1.199126464848452311e-01 -6.971099979525036128e-01 4.035372664717265856e+00 1.038987294896182467e+00 -1.179997479661488019e-01 -6.145273799872800202e-01 -2.244075016017151203e+00 4.777013265797954711e-01 -1.992788720310095352e+00 1.545106843000565167e-01 7.198075676599869910e-01 -1.978090732895011916e+00 1.274176912064554079e+00 3.627826926036188393e+00 -1.309340995234826055e+00 -1.536458346587134205e+00 4.612983951297355389e+00 3.061302628715185659e-01 7.090015688483777279e-01 -3.746288502573228429e-01 -1.037177107868217707e+00 8.049380929449864719e-02
-1.303474095321427162e-01 -8.670367964463381316e-01 -8.431796087200254045e-03 -4.622610820244351659e-01 8.373615221415224852e-01 -2.757927241410280117e-01 4.693910530945490933e-01 -1.077712827291806175e+00 1.261462086792657589e+00 1.368956103461423046e+00 -2.136909496486445181e-01 -1.003473496421434241e+00 -6.439685904838926556e-01 2.756085538420745440e+00 -3.276864724092527492e+00 4.778222742537622914e+00 -2.058151555146080725e+00 -2.046047132614569886e-01 -2.535099770601913161e+00 -1.646476717161854619e+00 -5.448859784568566011e-01 9.424392451269864024e-01 -5.383552897276050464e-01 4.524362691280234272e-01 1.078257173717328765e+00 1.086338511436395704e+00 -4.420931649416683790e-02 -1.644351054780837318e+00 -3.176000668433265894e-01 4.499176523852907117e+00 -3.799142193564316594e-01 6.043815628702822185e-01 -1.493064212105760236e+00 -3.262701122019776578e-01 -6.554743267823311959e-01 -2.877230076392697455e+00 1.973997997254029357e+00 -1.780921098766075072e+00 -6.065339679580626919e-01 2.975851667792203781e+00 2.845932493243515382e-01 1.276358176491831919e+00 -7.506827703849201505e-01 6.229205283037355656e-01 2.742899989958150986e+00 1.682686877833982741e+00 -2.241417044760400934e+00 -2.047588871067593241e-02 3.181329953739440608e+00 -9.497462905213741591e-01 2.360986061665579228e-01 -1.051326816434606792e+00 1.132963269273603579e-01 7.343554365209490342e-01 3.366209793148528528e-01 2.139484445381993893e+00 9.249829315635298421e-01 1.038244197243702205e+00 -5.659656709531976082e-01 7.332616633944380347e+00 -2.064856343912552017e+00 1.237811045399892063e+00 7.926164101924412231e-01 -7.959821638876511951e-01 5.515705338657876933e-01 -2.485004098056202260e+00 -2.415256716528265901e+00 -3.182306453674998536e+00 1.174895813522527588e+00 6.472785509685247129e-01 2.341373028158615088e-01 -1.858839223258995643e-01 -1.556968698234875159e-01 -7.054016262457957209e-01 1.322374616977202821e+00 -4.090131510182361263e-02 1.969638824982726799e+00 -1.374321138977255830e-01 1.823450516755664719e-01 8.060426929302860755e-01 7.626618596642821268e-01 1.239932868137427313e+00 6.898728329064052200e-01 1.592541834549078550e-01 -1.595523604098030512e+00 -2.846678464964853106e+00 -1.247326254563772219e+00 2.614170535524661609e+00 -1.642597142611747163e+00 -2.820514099946829223e+00 -1.702814190801199112e+00 -3.208607548348152871e+00 1.151812421812106635e+00 -4.020551069529647581e-01 -1.298884220267133793e+00 -1.044347169474729164e-01 -2.012292979528854886e+00 -1.152035957471199801e+00 1.282264478056948764e+00 -1.154703089300385788e+00
