# 
#                 ----------------------------------------------------
#                 Data from a 3D direct N-body simulation. 
# 
#                 rows are i-particle; 
#                 coumns are :mass, tag, x ,y, z, vx, vy, vz, ax, ay, az
# 
#                 NTHU, Computational Physics 
# 
#                 ----------------------------------------------------
#                 Time = 0.0
0.000000000000000000e+00 1.000000000000000000e+00 2.000000000000000000e+00 3.000000000000000000e+00 4.000000000000000000e+00 5.000000000000000000e+00 6.000000000000000000e+00 7.000000000000000000e+00 8.000000000000000000e+00 9.000000000000000000e+00 1.000000000000000000e+01 1.100000000000000000e+01 1.200000000000000000e+01 1.300000000000000000e+01 1.400000000000000000e+01 1.500000000000000000e+01 1.600000000000000000e+01 1.700000000000000000e+01 1.800000000000000000e+01 1.900000000000000000e+01 2.000000000000000000e+01 2.100000000000000000e+01 2.200000000000000000e+01 2.300000000000000000e+01 2.400000000000000000e+01 2.500000000000000000e+01 2.600000000000000000e+01 2.700000000000000000e+01 2.800000000000000000e+01 2.900000000000000000e+01 3.000000000000000000e+01 3.100000000000000000e+01 3.200000000000000000e+01 3.300000000000000000e+01 3.400000000000000000e+01 3.500000000000000000e+01 3.600000000000000000e+01 3.700000000000000000e+01 3.800000000000000000e+01 3.900000000000000000e+01 4.000000000000000000e+01 4.100000000000000000e+01 4.200000000000000000e+01 4.300000000000000000e+01 4.400000000000000000e+01 4.500000000000000000e+01 4.600000000000000000e+01 4.700000000000000000e+01 4.800000000000000000e+01 4.900000000000000000e+01 5.000000000000000000e+01 5.100000000000000000e+01 5.200000000000000000e+01 5.300000000000000000e+01 5.400000000000000000e+01 5.500000000000000000e+01 5.600000000000000000e+01 5.700000000000000000e+01 5.800000000000000000e+01 5.900000000000000000e+01 6.000000000000000000e+01 6.100000000000000000e+01 6.200000000000000000e+01 6.300000000000000000e+01 6.400000000000000000e+01 6.500000000000000000e+01 6.600000000000000000e+01 6.700000000000000000e+01 6.800000000000000000e+01 6.900000000000000000e+01 7.000000000000000000e+01 7.100000000000000000e+01 7.200000000000000000e+01 7.300000000000000000e+01 7.400000000000000000e+01 7.500000000000000000e+01 7.600000000000000000e+01 7.700000000000000000e+01 7.800000000000000000e+01 7.900000000000000000e+01 8.000000000000000000e+01 8.100000000000000000e+01 8.200000000000000000e+01 8.300000000000000000e+01 8.400000000000000000e+01 8.500000000000000000e+01 8.600000000000000000e+01 8.700000000000000000e+01 8.800000000000000000e+01 8.900000000000000000e+01 9.000000000000000000e+01 9.100000000000000000e+01 9.200000000000000000e+01 9.300000000000000000e+01 9.400000000000000000e+01 9.500000000000000000e+01 9.600000000000000000e+01 9.700000000000000000e+01 9.800000000000000000e+01 9.900000000000000000e+01 1.000000000000000000e+02 1.010000000000000000e+02 1.020000000000000000e+02 1.030000000000000000e+02 1.040000000000000000e+02 1.050000000000000000e+02 1.060000000000000000e+02 1.070000000000000000e+02 1.080000000000000000e+02 1.090000000000000000e+02 1.100000000000000000e+02 1.110000000000000000e+02 1.120000000000000000e+02 1.130000000000000000e+02 1.140000000000000000e+02 1.150000000000000000e+02 1.160000000000000000e+02 1.170000000000000000e+02 1.180000000000000000e+02 1.190000000000000000e+02 1.200000000000000000e+02 1.210000000000000000e+02 1.220000000000000000e+02 1.230000000000000000e+02 1.240000000000000000e+02 1.250000000000000000e+02 1.260000000000000000e+02 1.270000000000000000e+02 1.280000000000000000e+02 1.290000000000000000e+02 1.300000000000000000e+02 1.310000000000000000e+02 1.320000000000000000e+02 1.330000000000000000e+02 1.340000000000000000e+02 1.350000000000000000e+02 1.360000000000000000e+02 1.370000000000000000e+02 1.380000000000000000e+02 1.390000000000000000e+02 1.400000000000000000e+02 1.410000000000000000e+02 1.420000000000000000e+02 1.430000000000000000e+02 1.440000000000000000e+02 1.450000000000000000e+02 1.460000000000000000e+02 1.470000000000000000e+02 1.480000000000000000e+02 1.490000000000000000e+02 1.500000000000000000e+02 1.510000000000000000e+02 1.520000000000000000e+02 1.530000000000000000e+02 1.540000000000000000e+02 1.550000000000000000e+02 1.560000000000000000e+02 1.570000000000000000e+02 1.580000000000000000e+02 1.590000000000000000e+02 1.600000000000000000e+02 1.610000000000000000e+02 1.620000000000000000e+02 1.630000000000000000e+02 1.640000000000000000e+02 1.650000000000000000e+02 1.660000000000000000e+02 1.670000000000000000e+02 1.680000000000000000e+02 1.690000000000000000e+02 1.700000000000000000e+02 1.710000000000000000e+02 1.720000000000000000e+02 1.730000000000000000e+02 1.740000000000000000e+02 1.750000000000000000e+02 1.760000000000000000e+02 1.770000000000000000e+02 1.780000000000000000e+02 1.790000000000000000e+02 1.800000000000000000e+02 1.810000000000000000e+02 1.820000000000000000e+02 1.830000000000000000e+02 1.840000000000000000e+02 1.850000000000000000e+02 1.860000000000000000e+02 1.870000000000000000e+02 1.880000000000000000e+02 1.890000000000000000e+02 1.900000000000000000e+02 1.910000000000000000e+02 1.920000000000000000e+02 1.930000000000000000e+02 1.940000000000000000e+02 1.950000000000000000e+02 1.960000000000000000e+02 1.970000000000000000e+02 1.980000000000000000e+02 1.990000000000000000e+02 2.000000000000000000e+02 2.010000000000000000e+02 2.020000000000000000e+02 2.030000000000000000e+02 2.040000000000000000e+02 2.050000000000000000e+02 2.060000000000000000e+02 2.070000000000000000e+02 2.080000000000000000e+02 2.090000000000000000e+02 2.100000000000000000e+02 2.110000000000000000e+02 2.120000000000000000e+02 2.130000000000000000e+02 2.140000000000000000e+02 2.150000000000000000e+02 2.160000000000000000e+02 2.170000000000000000e+02 2.180000000000000000e+02 2.190000000000000000e+02 2.200000000000000000e+02 2.210000000000000000e+02 2.220000000000000000e+02 2.230000000000000000e+02 2.240000000000000000e+02
4.444444444444444614e-02 4.444444444444444614e-02 4.444444444444444614e-02 4.444444444444444614e-02 4.444444444444444614e-02 4.444444444444444614e-02 4.444444444444444614e-02 4.444444444444444614e-02 4.444444444444444614e-02 4.444444444444444614e-02 4.444444444444444614e-02 4.444444444444444614e-02 4.444444444444444614e-02 4.444444444444444614e-02 4.444444444444444614e-02 4.444444444444444614e-02 4.444444444444444614e-02 4.444444444444444614e-02 4.444444444444444614e-02 4.444444444444444614e-02 4.444444444444444614e-02 4.444444444444444614e-02 4.444444444444444614e-02 4.444444444444444614e-02 4.444444444444444614e-02 4.444444444444444614e-02 4.444444444444444614e-02 4.444444444444444614e-02 4.444444444444444614e-02 4.444444444444444614e-02 4.444444444444444614e-02 4.444444444444444614e-02 4.444444444444444614e-02 4.444444444444444614e-02 4.444444444444444614e-02 4.444444444444444614e-02 4.444444444444444614e-02 4.444444444444444614e-02 4.444444444444444614e-02 4.444444444444444614e-02 4.444444444444444614e-02 4.444444444444444614e-02 4.444444444444444614e-02 4.444444444444444614e-02 4.444444444444444614e-02 4.444444444444444614e-02 4.444444444444444614e-02 4.444444444444444614e-02 4.444444444444444614e-02 4.444444444444444614e-02 4.444444444444444614e-02 4.444444444444444614e-02 4.444444444444444614e-02 4.444444444444444614e-02 4.444444444444444614e-02 4.444444444444444614e-02 4.444444444444444614e-02 4.444444444444444614e-02 4.444444444444444614e-02 4.444444444444444614e-02 4.444444444444444614e-02 4.444444444444444614e-02 4.444444444444444614e-02 4.444444444444444614e-02 4.444444444444444614e-02 4.444444444444444614e-02 4.444444444444444614e-02 4.444444444444444614e-02 4.444444444444444614e-02 4.444444444444444614e-02 4.444444444444444614e-02 4.444444444444444614e-02 4.444444444444444614e-02 4.444444444444444614e-02 4.444444444444444614e-02 4.444444444444444614e-02 4.444444444444444614e-02 4.444444444444444614e-02 4.444444444444444614e-02 4.444444444444444614e-02 4.444444444444444614e-02 4.444444444444444614e-02 4.444444444444444614e-02 4.444444444444444614e-02 4.444444444444444614e-02 4.444444444444444614e-02 4.444444444444444614e-02 4.444444444444444614e-02 4.444444444444444614e-02 4.444444444444444614e-02 4.444444444444444614e-02 4.444444444444444614e-02 4.444444444444444614e-02 4.444444444444444614e-02 4.444444444444444614e-02 4.444444444444444614e-02 4.444444444444444614e-02 4.444444444444444614e-02 4.444444444444444614e-02 4.444444444444444614e-02 4.444444444444444614e-02 4.444444444444444614e-02 4.444444444444444614e-02 4.444444444444444614e-02 4.444444444444444614e-02 4.444444444444444614e-02 4.444444444444444614e-02 4.444444444444444614e-02 4.444444444444444614e-02 4.444444444444444614e-02 4.444444444444444614e-02 4.444444444444444614e-02 4.444444444444444614e-02 4.444444444444444614e-02 4.444444444444444614e-02 4.444444444444444614e-02 4.444444444444444614e-02 4.444444444444444614e-02 4.444444444444444614e-02 4.444444444444444614e-02 4.444444444444444614e-02 4.444444444444444614e-02 4.444444444444444614e-02 4.444444444444444614e-02 4.444444444444444614e-02 4.444444444444444614e-02 4.444444444444444614e-02 4.444444444444444614e-02 4.444444444444444614e-02 4.444444444444444614e-02 4.444444444444444614e-02 4.444444444444444614e-02 4.444444444444444614e-02 4.444444444444444614e-02 4.444444444444444614e-02 4.444444444444444614e-02 4.444444444444444614e-02 4.444444444444444614e-02 4.444444444444444614e-02 4.444444444444444614e-02 4.444444444444444614e-02 4.444444444444444614e-02 4.444444444444444614e-02 4.444444444444444614e-02 4.444444444444444614e-02 4.444444444444444614e-02 4.444444444444444614e-02 4.444444444444444614e-02 4.444444444444444614e-02 4.444444444444444614e-02 4.444444444444444614e-02 4.444444444444444614e-02 4.444444444444444614e-02 4.444444444444444614e-02 4.444444444444444614e-02 4.444444444444444614e-02 4.444444444444444614e-02 4.444444444444444614e-02 4.444444444444444614e-02 4.444444444444444614e-02 4.444444444444444614e-02 4.444444444444444614e-02 4.444444444444444614e-02 4.444444444444444614e-02 4.444444444444444614e-02 4.444444444444444614e-02 4.444444444444444614e-02 4.444444444444444614e-02 4.444444444444444614e-02 4.444444444444444614e-02 4.444444444444444614e-02 4.444444444444444614e-02 4.444444444444444614e-02 4.444444444444444614e-02 4.444444444444444614e-02 4.444444444444444614e-02 4.444444444444444614e-02 4.444444444444444614e-02 4.444444444444444614e-02 4.444444444444444614e-02 4.444444444444444614e-02 4.444444444444444614e-02 4.444444444444444614e-02 4.444444444444444614e-02 4.444444444444444614e-02 4.444444444444444614e-02 4.444444444444444614e-02 4.444444444444444614e-02 4.444444444444444614e-02 4.444444444444444614e-02 4.444444444444444614e-02 4.444444444444444614e-02 4.444444444444444614e-02 4.444444444444444614e-02 4.444444444444444614e-02 4.444444444444444614e-02 4.444444444444444614e-02 4.444444444444444614e-02 4.444444444444444614e-02 4.444444444444444614e-02 4.444444444444444614e-02 4.444444444444444614e-02 4.444444444444444614e-02 4.444444444444444614e-02 4.444444444444444614e-02 4.444444444444444614e-02 4.444444444444444614e-02 4.444444444444444614e-02 4.444444444444444614e-02 4.444444444444444614e-02 4.444444444444444614e-02 4.444444444444444614e-02 4.444444444444444614e-02 4.444444444444444614e-02 4.444444444444444614e-02 4.444444444444444614e-02 4.444444444444444614e-02 4.444444444444444614e-02 4.444444444444444614e-02 4.444444444444444614e-02 4.444444444444444614e-02 4.444444444444444614e-02 4.444444444444444614e-02 4.444444444444444614e-02 4.444444444444444614e-02
-1.068151715224238130e+00 -2.131447120356595171e-01 8.846216759768754656e-01 -5.808718287152135618e-02 6.929486100395479964e-01 -2.974773584979235053e-01 -3.551096198642234580e-01 4.121183275387062528e-01 -4.459961013366097737e-01 -9.229013353704950129e-01 -9.955237097907138066e-01 3.537789311760380223e-02 -1.366991891917741286e+00 3.076058793115510337e-01 -1.667306054449625874e+00 1.608614912539414021e+00 -5.130075648494356599e-01 1.139568822301805784e-01 -5.499555483263375288e-01 4.129569386393003305e-01 -1.578065719280017820e+00 2.367008885802676377e-01 -1.379615918573025013e+00 5.002866869948818102e-02 1.358954228734588821e+00 -2.722238540238131055e+00 2.460630487251793674e+00 -5.673132122694287682e-01 -7.114680495544868366e-01 1.565430187183159294e+00 1.244678454223008407e-01 2.787972021730122485e+00 -2.466172275185876672e-01 4.113996268407595025e+00 2.971379419272200284e+00 1.116715923056737392e+00 -9.834897178178375610e-01 1.012229090353395158e-02 -3.044215060038241716e-01 2.445567931075695700e+00 -4.941671905871162229e-01 1.243156468471514842e+00 3.650283877324859150e-01 -1.864374371970208000e-02 -9.437614018800506432e-01 2.051706776401550636e-01 -3.193451124141403197e-01 7.090246719106390039e-01 -3.934451892751499869e-01 -6.901103739116801750e-01 1.266710485349423487e-01 -1.253508875831867986e+00 -5.243219401747143404e-01 -1.854551659194133562e+00 2.563293372520336622e+00 2.457550537403852819e-01 6.924550422909744318e-01 7.375233909264619081e-01 1.306659226102436892e-02 1.035680905054776613e+00 8.236237372372361421e-01 -8.329313982113869044e-03 1.979365641538101683e-01 8.241558278158346296e-01 -1.752229924268469130e+00 9.779759342082348095e-01 1.799123856713573888e+00 1.068210078083420722e+00 -8.569353533720049931e-01 1.043894102468224810e-01 -7.302576581607658213e-01 -2.484447145067329721e-01 3.263288217816577574e-02 -3.984683255404865232e+00 5.188480177013683470e-01 1.893478145614270636e+00 -3.892941340528654343e-03 -5.076282382661987391e-01 1.637917245166979618e-01 -1.063731213337251180e+00 -2.856821683386467470e+00 -4.945687506166657199e-02 -5.924185058923511216e-01 1.121076364250572360e-01 -9.870175015513288352e-01 2.193895725120786622e-01 -2.746059011518275916e+00 7.993211676104015062e-01 -5.159878049035194758e-01 1.119190459050687370e-01 8.243717848971903184e-01 4.474967218139188074e-01 6.537564453749843407e-01 -2.725028133003818964e-01 4.516346071811930263e-01 2.470994976423680420e-02 9.254539652319480059e-01 -9.853073092267454758e-01 1.091885254132300753e+00 2.168061271532742765e-02 4.449221168244568703e-01 7.869103472789414910e-01 4.018155604055836383e-01 -7.074889238795240010e-01 -4.317516182868602059e-01 -1.200712249963672207e+00 -1.203616215166929182e+00 -2.495651889114626432e+00 2.944695835147471685e-01 -1.054791164533945835e+00 -3.885343038996895704e-01 -1.064731215821401289e+00 1.256831574965788123e+00 3.064462423282269810e-01 -8.079097538819982049e-02 8.379211717289382078e-01 -3.209869404839979512e-01 2.089117104316827733e-01 4.875478779617695158e-01 2.495367563200248107e+00 -1.210354560111695843e+00 3.911135302642121836e+00 2.085546413556962353e+00 -3.018322935292425679e-01 -1.277887292440553491e-01 1.248979301028323663e+00 1.480413354952732699e-02 1.014835223010778442e+00 -2.867398278975547554e-01 5.849166827790021062e-01 -5.464115176821618958e-01 -9.929776291866523330e-01 -3.413341921018688385e+00 -1.114280990957756401e-01 -1.356586771906248101e+00 6.654426834623178300e-01 1.040748721657965392e+00 1.672306298679413772e-01 9.247722570348612114e-01 8.469794784427389089e-01 -2.637117903023856513e+00 -9.024716217108935679e-01 -1.043188044279369286e+00 -1.684603843863736961e+00 4.754322175866959599e-01 -2.389450052454607232e-01 4.633523831945325633e-02 1.457617922068710214e-01 9.339197266519322360e-01 8.898736171928542382e-02 -3.321621898916800042e-01 2.298860701150799990e+00 1.905746873225240279e+00 1.088816445382566611e+00 -6.598819286719375121e-01 7.828415547651268458e-02 -1.590366660246584685e+00 -9.534068947054343823e-01 -2.220414327861499615e+00 -1.416138179182073187e-01 -1.494900662764714561e+00 5.406598516753367833e-02 -1.514772452733871511e+00 2.160043742908719089e-01 7.263453648753592784e-01 -9.117166442656040592e-01 3.496028881798469712e-01 4.037644078644870432e-02 -3.916708746715728551e-01 4.219061257510877683e-01 1.774702541942125567e-01 -4.815927519345308272e-01 9.861542241802656594e-02 1.484217381321284446e+00 -3.482223977689862249e-01 -1.876166092079449843e+00 -1.134030729423647077e-01 3.613010188123572664e-01 4.693030353292865220e-01 1.192437137947863102e+00 -1.604514930609953094e+00 5.744645308177351861e-01 -4.284681574589032316e+00 -3.633378828165726437e-01 -7.534620959051039346e-01 1.629814438112634933e+00 -5.776106670075962235e-01 4.496667536550164601e-01 7.817592434115141486e-01 6.346153099282091370e-01 -7.682850147411633968e-01 5.981214320515312322e-01 -9.675861627003223830e-01 1.906461365612557857e-01 -1.198179249979861583e+00 1.322466856279213898e+00 2.230570954232002356e-01 -1.891051458200877500e+00 -3.522047971791011922e-01 7.932129266232960108e-01 -2.624968113089506949e-01 -2.782144314255940443e-01 -8.931111498514922031e-01 -2.631218342602349436e-01 -9.129976988708643493e-01 5.777692464829546903e-01 6.376485585978599602e-01 -3.370131315753697732e-01 1.037551945287690458e+00 -5.244806059601933024e-01 1.634114065969157092e+00 -4.576951687953601522e-01 -5.586976812439739537e-02 -2.336818766414745785e-01 -2.428786692665652336e-01 7.211314326910959194e-01 6.744572963098133256e-01 -1.270312343291254864e+00 1.449979894298974170e-01 2.057001986109129543e+00 1.137362659762582995e+00 6.098120579807247976e-02 -1.471317394216980212e-01 3.183997126514492848e-02 -7.643840780274129276e-01
1.518680890964134944e+00 6.715189455096371995e-01 -1.508135712032240727e+00 5.485730958667364154e-01 8.632492370300632878e-01 -1.897328957983496212e+00 4.282391153789733562e-01 -2.529709161062210221e-01 1.737660590078658140e+00 5.102058520742182024e-01 8.644009621292305656e-01 1.702877114856582441e-01 7.171045857122546607e-01 1.908209373597694880e-01 3.284564707122898941e-01 9.833989954446544779e-01 1.332971141822683614e-01 -2.045427561746951672e-01 1.177331756482367764e+00 3.439692528708802599e-01 4.783318013019300374e-01 3.804454902953330886e-01 6.090642703284131487e-01 1.116671568093754230e+00 -1.852669436991998264e-01 2.108011690312203146e-01 -1.568580369930037133e+00 -7.714995684697234513e-02 -9.731556911925022257e-01 1.430826869137175272e+00 3.000525594675020891e-01 -5.548002732878936083e-01 2.685469311534621761e-01 -1.553504321880024852e-01 2.815649300509802888e+00 4.379591700360411788e-01 2.003748885040834427e-01 -1.289483408747878479e-01 -7.848873813939675204e-01 -7.899752901564129903e-01 8.698966735845189424e-01 -1.444985917948143683e+00 4.306857006162557733e-01 8.932173680626381493e-03 7.215552898176563756e-02 4.156965155350429986e-01 3.359502475078702810e-01 -6.128804511737881988e-01 4.283036486706264800e-01 -2.022341740222846976e-02 4.996851643211469574e-01 -5.978864042075563434e-01 1.657719988427653127e-02 -6.537500474784484483e-01 -1.814872682191049080e-01 -1.360472854094722406e+00 1.410363428610975856e+00 -3.407155484385251398e-01 3.159189748959082555e-01 -5.905482081836053165e-01 2.276693249791757800e+00 4.455995432822897340e-01 5.914999031827831155e-01 -1.454240705134015321e-01 1.555594237940905789e+00 7.783692685275414025e-01 -8.792983395713869221e-01 3.688994289762497769e-01 9.141137981281042268e-01 -5.031232695485270412e-01 -2.527426644947494139e-01 5.694980641858857773e-01 5.003850076545101055e-01 1.430375874229461663e+00 2.236846797094637906e-01 8.245496861981710390e-01 8.581985963782274851e-01 6.038609484727031074e-01 3.775483404028836532e-01 2.687719736568388029e-01 1.451968843449688906e+00 -8.489788680186167724e-01 -4.262121421980865632e-01 4.912420206067489303e-01 3.071550667118040367e-01 1.113116184492559807e-01 -7.719994111489528743e-01 6.572451805586789764e-01 2.238390609199999437e-01 -2.319779993355784720e-01 6.943877041884839452e-01 -2.435503553514212438e+00 4.595072673454358991e-01 1.592732073240545748e-02 -2.103735981281866341e+00 1.690385125196140065e-02 1.460195640228459102e-01 1.575962606797661758e+00 -1.803435684935489891e-01 4.335233875042643348e-01 -1.879685704646939515e-01 -2.821337320718545261e+00 4.328402882561866449e-01 6.943269153852592579e-01 3.729519414750002149e-01 1.178621950338958779e+00 5.953446915797137029e-01 8.046672909703971310e-01 -4.931707101118206760e-01 -3.988001195795277676e-01 1.238796507993891738e-01 1.222836662094443749e+00 -2.288117205815040286e-02 1.645224937862937997e-01 -4.775602563626769048e-01 3.817573129560821732e-01 1.406128267807398580e-01 9.106036133998699489e-01 -9.581436933858840099e-01 -5.710797340973698955e-01 -5.501444425753122536e-01 1.907336612832561951e+00 1.809410224231785269e-01 1.278031825912520070e-01 3.561067911400384589e-01 2.102433182351689731e-02 3.055036622531185353e-01 3.016999699951909975e+00 7.687522526177145155e-01 7.726166218836976185e-01 3.398718714799655150e+00 -2.583830963920014656e-01 -1.310512055652625962e+00 -1.328078670141637829e+00 2.989640230274426269e-01 3.956777002847602920e-01 7.429037048229816254e-01 1.096285913044586113e+00 8.271909399348605918e-01 8.153487648998140047e-01 -9.723531609416979915e-01 -2.037641687730565032e-01 6.939728100632630570e-01 -1.588387229873240658e+00 8.847499769434143957e-01 -3.172901077481258825e-01 3.106707036205508810e-01 5.248336689939572253e-01 3.859320464980728338e-01 -1.708464615604007975e+00 -3.478056665969756489e-01 1.801027425401473814e-01 -1.407749992375254333e+00 -3.203359862556911519e-01 -4.063362096257775447e-01 -4.001860578141129277e-01 7.067086855722576333e-01 8.439538044411825091e-01 -7.519094504614022290e-01 -6.658697994378336427e-01 1.435990859201761172e+00 2.353814443759337516e-01 3.756182997242521471e-01 4.049160972996919128e-01 -2.182558041643682945e+00 1.429213601476702733e+00 2.490232302219758775e+00 5.211657873785268125e-01 -7.049892606619634350e-01 3.899881733154987873e-01 3.819080298761234893e-01 1.052820441730681900e+00 2.698686698731725397e-01 -2.101193815190984804e-01 -1.044023607724840152e+00 4.780264153594682708e-01 3.661385281381689394e-01 1.038304097205907939e-01 7.449064782975258758e-01 -8.104200643312623464e-01 -1.515852233717214448e+00 5.650473217075848709e-01 4.789148608678441832e+00 3.131385605050360788e+00 -1.556390781116896438e+00 -4.269711139138692158e-01 1.325057862280904220e-01 4.751950612031077825e-01 8.419765549436748486e-01 6.524334618221476756e-01 2.296897440585873529e+00 5.744157990167378935e-01 -7.545290755861876475e-01 -2.172817744574147281e-01 5.679176631190719915e-01 2.706233252342526097e+00 -6.237340492546590287e-01 -1.470451106344807357e+00 1.756786199950752358e+00 -1.089193053773226949e-01 -2.428011891458312366e-01 5.077614492947751801e-01 -4.313397843251088326e-01 5.439719615185644175e-01 2.277344900403470707e-01 9.610109868129440569e-01 9.176449442483335384e-01 3.206074965368746477e-01 4.546736730154242179e-01 6.770811046540609057e-01 1.213256906217179687e-01 8.708505690233245833e-01 2.047281482418265020e-01 -1.875982354434602983e-01 -2.349499404902000155e-01 2.175929221667576019e-01 5.846264561816940653e-01 -1.028146932443382067e+00 3.650563496586995554e-02 2.258848058569733031e+00 -3.826468432462918345e-01 3.485175066804245547e-02 2.267454802870323971e-01 1.385558188724003541e-02 6.393091709251019772e-01
5.918365741124509416e-01 5.604394269523487182e-01 -6.475582460354892822e-01 6.312419982713673994e-01 7.414023005422183399e-01 -1.510143331543032374e+00 6.624961663939771261e-01 4.217266195610054336e-01 -1.726234128163099679e-01 1.056449830739051077e+00 -8.230019923751867861e-01 3.872261067213414454e-01 -5.343492599934424270e+00 6.997845133667710549e-01 -2.331352841205973081e-01 -3.917957902488151678e-01 5.156307413493460556e-01 2.385363204263797332e-01 7.651728358199282320e-01 2.648329721750744548e-01 6.158027793894269575e-01 2.126142517176124111e-03 -4.582210969475344342e-01 -1.756068945113736235e-01 3.638354119815149446e+00 -1.149711577681945318e+00 -2.649086801445300399e+00 -2.427125443074991951e-01 3.126787225725183306e-01 1.326443663419403507e-01 8.522209682373621531e-02 1.577581819929959606e-01 6.328007669133877133e-01 -2.404699144890268259e-01 2.112636620244623398e+00 -2.725524807798064275e-01 -6.485166605385445440e-03 1.007063630620363748e+00 -5.322263902275162217e-02 4.176324762931284407e-01 4.745734224948623958e-01 -3.661458090392970544e-01 1.256686846794772050e+00 1.112756406556222766e+00 2.634464007513044881e-01 -4.827739831175985041e-01 4.046330282028899883e-01 -5.416948879979979203e-01 -1.492275980313821693e+00 -2.347986144554472965e+00 3.622885331039906176e-01 -9.885456451367639064e-01 -2.900204020474749900e+00 1.127536081143393210e+00 -1.676100501795463604e-01 -5.270814609386310634e-01 3.985949323421322243e-01 -1.977721312997936243e-01 -5.898703504888681559e-01 1.029572281303530179e+00 -6.069782797149230191e-01 4.913717056426308849e-02 4.882226194489456828e-01 8.491948717109779610e-01 -1.842844521363457833e-01 3.250632121313402068e-01 -4.765886152055854863e-01 -1.951388053953451163e-01 -1.460716657679057839e-02 1.210794938753611272e-01 -2.868674845973310794e-01 2.783522491826745937e-01 -2.712965162085079207e-01 1.708764361030011614e+00 1.851175093498159951e-01 -4.130899454488260458e-01 -3.492165827781987253e-01 6.490131877409781591e-01 3.970630626751070480e-02 5.865082568829476095e-01 1.170781875525196636e+00 2.645019962440562367e-01 -7.279463217694913668e-01 -1.484778576607396205e-01 3.687402996946229083e-02 2.117324890713311591e-01 -1.755205954789550660e+00 9.311324683319105455e-03 5.797544721180362959e-02 2.971211104810733139e-01 1.127491772333311520e-01 5.055942632036513062e-01 1.347251358488541717e+00 -8.562381994878107139e-02 9.085043459163384405e-01 3.660773188765623631e-01 -5.021945413878986519e-03 -4.536787935439939856e-02 1.153805007813191619e+00 -2.868373006400933289e-01 -2.391074468209035686e-01 -8.152408336103963427e-01 2.500914216717858851e-01 2.220332188887752523e-01 8.322854092237116364e-01 6.501497484143289318e-01 -7.397769401971948655e-01 -1.849418149165700243e+00 1.068844915315966954e-01 3.243330601319589501e-01 7.367260122637094011e-02 -6.248409188802174219e-01 -1.330698542123771172e-03 -4.691616828699626818e-01 -7.084180135330025996e-01 6.419422030902798282e-01 7.492397328419045932e-01 1.545696656103131561e-01 3.865313720883136184e-01 3.533893559405929530e+00 -7.087366785724955043e-03 2.228602737014437896e+00 1.081954042763843216e+00 1.015369785589703838e-01 -7.247103002250870896e-02 -2.625843063661558174e-01 2.594093451388432281e-01 1.038117215389871451e+00 6.132029238807680249e-01 4.744240272997619218e-02 -1.281276019194131255e+00 -6.644023767328773866e-01 -4.404656132783399958e-01 -1.276930841101983072e+00 -9.201206257343614858e-01 2.386797393617745844e-01 6.252905932045719206e-01 -2.449034958672112461e-01 5.072679045115647822e-01 3.304402928557896302e-01 2.923890006454238133e+00 3.104538869698203474e-01 5.236894095329256427e-01 1.658440063494621031e+00 -2.514660477657625348e-01 -9.344265083444527886e-02 3.756724825373924381e-01 2.046296605759700682e-01 7.941526121599077337e-01 -2.983790804390781037e+00 -1.199861792866774024e-01 5.600210809481386276e-01 -4.466963420741498214e-01 1.802857312594341233e+00 -9.060681330940318912e-01 -9.535283103382986569e-01 -2.071686462895650838e+00 8.791403718431892722e-01 1.074127702238484305e+00 -1.773569389770085214e-01 3.555952402932165413e-01 3.954022404349058495e-01 -8.239260264797338973e-01 6.439747386710567012e-01 2.243185797975651319e+00 3.907611387455771634e+00 2.943413396682596606e+00 6.581769972683140235e-01 5.478801436246620860e-01 4.013171072064481565e-02 -5.306243326968118623e-02 -8.646611735245272046e-01 5.580388393380437684e-01 7.284442899756158329e-01 1.647904457354879559e+00 -7.432835739165075672e-01 7.321752943554260540e-01 4.708503644931298915e-01 -9.944939466107775849e-02 3.193158910166329356e-01 4.107610558035293957e-01 -3.338329024303895304e-02 -1.880187145003776039e-01 -4.097866099167563059e-01 8.415033686900565968e-01 -1.996858311765180360e+00 -3.023752414620583528e-01 -3.988509504801823757e-02 -1.787124458450581876e-01 -9.870338136865244860e-02 6.825880652326391518e-01 3.443981690884658220e-01 -1.536912426336496607e+00 3.552949685337226660e-01 -1.721868393344212933e+00 5.798717270037268001e-01 1.351468347930263381e+00 -4.619764710249279815e+00 -5.901732110930441033e-01 7.703219163640309120e-01 -6.964706444443151678e-01 -1.880856068403996273e-01 1.447145040742444100e-01 -3.245183521463670950e-01 -3.912515364468166501e-01 7.181731172140289055e-02 3.870629622855719099e-01 9.223984126790964189e-03 2.014128844369632299e-01 -7.726227601338215845e-01 8.568443507590756125e-03 1.359342933592185609e+00 -4.604550970803183985e-01 3.729131489889094264e-01 -2.882342160036942547e-01 -3.006091680712666154e-03 -1.370732929164339309e+00 9.553646185608339891e-01 2.863235021445039163e-01 7.100454974058387769e-01 -1.110797432394586393e+00 -8.281824151794683342e-01 3.700290055239516956e-02 2.365442420559427661e-01 -8.352122493378165702e-01
4.781375704540832272e-01 -3.914528477720363719e-01 -5.744138114458037236e-01 1.249898443479430021e+00 3.973535450949102765e-01 -1.104859953469380596e+00 1.560334257495269217e+00 -5.798451747879239671e-01 -3.799154593762424925e-01 -1.207443085273528061e+00 -1.108393879643245983e+00 -3.093448532214010394e-01 2.699113360501149278e-02 -1.735559217105053564e+00 1.580057776947246806e+00 -1.049143041454417391e+00 -1.240852554168453636e+00 1.734626551814318685e+00 1.301992621588365484e+00 4.496419637172923700e-01 4.968831128112096707e-01 1.937323430818459258e+00 -2.272762921841498251e-01 -6.943050573536343473e-01 -8.114803323004934343e-01 1.921077522421416883e-01 6.027814971207657857e-01 2.494915756747541624e-01 -1.704364050194617342e+00 -5.276378412944932039e-01 4.107820276456441988e+00 6.007162129182554988e-01 -1.727329712622040159e+00 8.136823325814200869e-01 -5.439950319686074343e-01 -2.593509160917177869e-01 -1.948291755843411521e-01 6.531037238681849377e-01 1.110474224768408069e+00 -5.306119713684839256e-01 1.361812620338731517e+00 1.121529324645756498e+00 -1.077898847673797622e+00 5.772611329222852028e-01 1.387884141865185716e+00 1.740286620124073647e+00 -2.406609993564403638e+00 -9.425798115570328817e-02 -8.298742267900139913e-01 -7.049861614016905698e-02 2.605317018937450269e-01 1.332355411674738255e+00 -1.411893877141950915e+00 -1.673353985263045018e+00 3.509732657161985236e-01 -9.009184376331884625e-01 -8.611177258242015409e-01 1.146775329052782233e+00 -5.120793244989810811e-01 -3.281856512438999229e-01 -9.471391745032392562e-01 7.158452950386156033e-01 2.329006317450491026e-01 -1.793928819082238224e+00 8.549144381922337832e-01 1.561975928144658132e+00 -7.021358599854288229e-01 2.896456499860601275e-01 9.930341163384260872e-01 1.342857044551552415e+00 -5.822155736949004012e-01 -5.198864961053190070e-01 6.190708046008118748e-01 -8.502054826738207893e-01 -6.755813597816708871e-01 1.593989928471639395e-01 -8.852533353038929409e-01 6.244896712774645753e-01 -2.477184367032723600e+00 -8.567717523126605617e-01 2.254926479347189178e-02 -7.177406895284395016e-01 2.325547806934539885e+00 -5.026212508474157126e-01 -9.525655308868122839e-01 -1.517728384650638862e+00 -1.033054942500490236e+00 -1.601419725636412883e+00 1.409160642482175207e+00 -2.222779151126270669e+00 2.460669739425031644e+00 8.437505565936519458e-01 -1.412418700944748196e+00 -2.391574447874444065e+00 1.535085313058965006e+00 1.199242187246572833e+00 -5.272518743415440801e-01 -1.084298667337621813e+00 -2.639273852116655883e-01 2.327646787291698383e-02 -3.388155932130685888e-01 2.795258699355943066e-02 -2.432387363324490515e-01 -8.954203643188880513e-01 -2.130273918690732238e+00 2.767080769230784165e-01 -1.631793516883357054e+00 4.037725266131833579e-01 3.308382925687230802e+00 -1.305830297883834090e+00 3.639284191469840946e-02 -7.103607828131055513e-01 2.225560928294629370e+00 -1.382941018095171781e+00 8.404511165549995999e-01 -5.669751952272827911e-01 2.892448040182269420e+00 -8.048937907551986237e-01 2.101271320746933291e-01 6.471047881128189072e-01 7.604418249828035492e-01 6.506029978177024775e-01 -8.625785154087703965e-01 2.743049909377733186e+00 8.124689932687148008e-01 -1.792551921703104512e+00 -1.526951777672236998e+00 -3.413103449740172435e-01 1.565872440358756223e-01 1.480123804852848002e+00 5.968667922211788879e-01 -5.768340845147149065e-02 1.190846872993645694e-01 -8.905873959105823356e-01 6.147225413483196066e-01 1.468441219867060887e+00 2.361715338268886022e+00 2.876334343104234748e+00 -8.978022376004979321e-01 6.435123791148409378e-01 -4.520278365201520487e-01 -9.216579915203175766e-01 1.301708755012607854e+00 1.967066006806555134e-01 -3.771466843056482388e-01 -2.581869880646888937e+00 1.070965902379019896e+00 2.352464272232893006e+00 -5.905967725804336377e-01 5.935088140357407394e-01 -1.392545743604585162e+00 8.138264510012354069e-01 5.352213721083239895e-01 -8.306698267436050109e-01 -2.265636495546985429e+00 -3.736711297000036569e-01 -1.172493636496116709e+00 -5.964753437233384359e-01 2.622437560682111535e-01 -1.671854107007049617e+00 7.518755464336224215e-01 -2.555118436554306219e-02 1.429491359993028565e+00 -4.884978870039909937e-01 -8.722542651089576493e-01 2.752601077281774944e-01 6.412092154440242053e-01 4.903513806193984109e-02 -1.084521675885777414e+00 -6.340007521724148054e-01 6.006370202232825806e-01 3.006023286863323402e-02 1.391917013339098341e+00 -1.135896263689092356e+00 1.183273974321023658e+00 8.400247379953841298e-01 1.890764317942876582e+00 3.171751131607778440e-01 -4.766143373766488223e-01 8.608345194183153470e-01 -9.182370798935660661e-01 4.006704055421879129e-01 -1.977267597646383823e+00 -7.347707615559248007e-01 1.839164403708498874e+00 1.723407057095754924e+00 -1.616147362217625227e+00 3.167980713852390995e+00 4.082018592955519054e+00 -7.248000495275874755e-02 -1.789804221109378146e-01 1.245475428433250542e+00 -1.465373251351664019e-01 -1.376305334806957825e+00 7.534140962035869027e-01 1.391532243785887912e+00 7.343788098170300760e-02 -5.274198990534796627e-02 2.679327858328101608e-01 -8.538728571392325550e-01 -7.811056465331466248e-01 -1.811527117014189114e+00 -1.014133509131409649e+00 4.785699202725215984e-02 -8.116160681004215283e-01 8.442396683742308117e-01 1.705700355181667183e+00 -1.563890159041819050e+00 -1.696652977032088616e+00 -7.998038916527197006e-01 2.047290000328549908e+00 -1.080833274830347301e-01 -1.656738609332120582e+00 -5.031487451100201680e-01 1.080328294349337248e-01 9.126421715244976696e-01 1.145774256314680439e+00 9.051526801341196471e-01 -1.467556507407711264e-01 1.056128666879916356e+00 -1.810816448406026291e-01 2.546556879465556866e-01 -9.154342694265760194e-01 -4.607695034606307249e-01 1.009302037163977372e+00
-9.774439629954310149e-01 -5.996428137652799750e-02 6.923857171426607282e-01 -5.237597452664868314e-01 -4.469966695216572861e-01 4.244443679254329416e-01 2.892814571848832728e+00 1.292856401703561253e-02 2.704346655734386484e+00 -2.104722768601622607e-01 -5.832784042526237833e-01 -4.764138267471509369e-01 6.371506945009994816e-01 -1.745827715862600549e+00 -3.109792214101205765e-01 9.218803111584707999e-01 -1.131665675492186551e+00 -7.029939893912164894e-01 -3.829729494085303276e-01 9.067047906051907136e-01 9.708725379702967118e-01 2.800630488650946326e+00 -5.459536527258926353e-02 -9.202500258211671058e-01 1.783928488039495885e+00 9.119835587151237100e-01 -2.055973619808590946e-01 -1.301589282948906634e+00 1.135484249233466469e+00 1.713279212480286473e-01 1.020128835030872788e-01 2.959984672506822331e-02 9.971780918883431655e-01 -1.195786393985649676e+00 1.508176446873732701e-01 1.366418748289497831e+00 -5.367925424597532746e-01 5.008632496521929767e-01 -3.362874868601301248e+00 9.121713418879754398e-01 -9.193693374506556326e-01 -6.307939283800626518e-01 1.105910881124300138e+00 2.084511478974473142e-01 6.096892693559164966e-01 -1.384623090254138988e+00 3.772671359594655938e-01 2.081207466815504059e+00 1.730965969103233082e+00 -6.230558493127901221e-01 -1.704207270045717815e-01 -8.755449767462587518e-01 1.363995476843681054e+00 1.280995587116645185e+00 1.378340988451461469e+00 1.579410916293305100e-01 -6.375199849844601641e-01 -8.281802072805781734e-01 -7.021350623302612393e-01 -8.592469626401003646e-01 3.023411115548305106e-01 3.764857583780830019e+00 1.097218009094823588e+00 9.470973295657368896e-01 3.013578791909238275e-01 -3.975917574297601620e-01 -1.028294335430557593e+00 -2.300447173785272081e+00 -9.094582816256140123e-02 3.611597746514085827e-01 -1.188488487070613386e+00 1.928461658408413104e+00 -2.017637151486629143e+00 1.158044027879810978e+00 -1.173001231613984174e+00 -1.544577348751359214e-01 -2.273626117142646841e+00 2.354657181783033959e+00 -2.214735209816076189e+00 -1.658350273059232771e+00 1.257377361740134258e+00 5.539798225803880261e-01 -1.597922171690313864e-01 9.133539619036802337e-01 -2.244989385627632839e+00 -5.337354361297166339e-01 -8.874330777721050056e-01 -1.312468303882089238e+00 2.552563282035774650e-01 -1.363819640897043328e+00 1.265923876440656626e+00 7.536341902509150481e-01 2.855156970971077235e-01 -2.488671804415687194e-01 -4.910005641641209118e-01 -1.762829592841733461e+00 -1.797807806115221396e+00 -1.466939414024460264e+00 -4.266927854336252657e-01 1.555965884360981377e-01 2.028952019693543107e+00 -1.533898982299679026e-01 -7.683828085267644381e-01 1.319635479018015811e+00 -1.299095251189636535e+00 -1.268087087081179121e+00 -2.495024878683077818e-01 1.097729791076360595e+00 -2.645129277267095902e-01 1.095537188742736312e+00 -2.224199347140873417e+00 7.535798618758113854e-01 -8.107746900023673486e-01 -1.258991537658676607e-01 2.017940094035122200e+00 -1.666192601404273388e+00 -4.358092770760220169e-01 1.829936009730119828e+00 1.139307625645299415e+00 -1.146423119087682380e-01 -1.059404901204540339e+00 1.366178500356927783e+00 1.974265725579524983e-02 -8.758451963103632831e-01 -1.286210726808241001e+00 5.865065308970433822e-02 1.594279977860099951e-01 5.413295681906072909e-01 1.204723426552702092e-01 -1.724074896305606952e+00 1.465151582109991191e+00 1.758379818177662646e+00 -1.039200712746348731e+00 1.121212016339068474e-01 1.616181150453756876e+00 1.101944228760980637e+00 -1.180082179136561882e+00 -2.085947754464782811e-01 2.001215089897548705e+00 1.670782048655913510e+00 -1.344581599994858268e+00 -1.309913052834177138e+00 1.037512770357963632e+00 -1.827357039583391018e-01 1.212057399262910007e+00 4.484987554221243622e-01 -1.171174764268410495e+00 -5.613721882936458796e-01 -1.155945120038119667e+00 -1.663776973256604896e-01 6.820513082615619060e-01 -1.758843111902090417e+00 5.507098781194152970e-03 1.643417197422553322e+00 -1.336851507948039752e-01 1.213892068151043585e-01 -7.597634665392387632e-01 -8.987198222240155854e-01 -3.311060253899640315e-01 2.339710697359793201e+00 7.421919102342964258e-01 2.323186474863631279e+00 1.219736377139325478e+00 1.170596452067595106e+00 -9.444176030626516560e-01 3.982324249141358519e-01 1.008048441033136733e+00 4.905119463960404547e-01 1.812624033794876466e+00 -2.323840396573119693e-01 -1.996900348503417799e+00 2.592693866277432369e-01 -2.380225920009920504e+00 6.679435838281716498e-01 6.579061648505988291e-01 3.689586338177455183e-01 3.360840834487917039e-01 2.384514729599541472e+00 -2.121137884271128704e-01 6.421883802834440491e-01 3.275558632878211585e-02 5.567616937732892124e-01 2.147667037482819730e+00 1.036862076559607049e+00 -8.585363792349475220e-01 1.967815185425124402e-01 9.098512201377296771e-01 1.713313168671424386e-02 1.303994098080347497e+00 -1.048172496957559208e+00 -1.328388487907983473e+00 1.544981827351556092e+00 8.230290046134299820e-01 -3.688090656436056047e-01 -6.523470139840839011e-01 2.643034269919354973e+00 1.264499108080723078e+00 -5.652243595566952550e-01 -1.119727070886116893e+00 6.154466897239638801e-01 3.490825842473995744e-01 1.322595149837672235e+00 -1.447784782519851154e-01 1.754020866218368502e+00 -5.015464841754257996e-01 -7.902893884436795746e-02 -3.507562232788681844e-01 4.868441814412324264e-01 -1.428102973615607452e+00 9.663006123016197879e-01 1.701991429874269102e+00 -1.754762363972610650e-01 8.950872533991692803e-01 2.067303234329400663e+00 1.735403108493464241e+00 4.511697357852466617e-01 1.618328384881724702e+00 7.025938131063944048e-02 2.684155363271864547e-01 -8.239151729135628377e-02 1.813058958192005798e+00 6.169965403109797242e-01 8.992134347118311277e-01 -5.708924648495791176e-01 -1.098879952186014419e+00
-4.383034758999905522e-02 -1.748454273607097376e+00 8.440505459323904836e-01 -2.029759036952373807e-01 6.730059020633841760e-01 -5.487750644767833696e-01 -3.885306084610998245e-01 1.764230853977269531e+00 2.313435534669079918e-01 -4.157321664294758579e-01 5.364198248519845835e-01 1.803437676682229318e+00 -2.146694502051678999e+00 -2.333674242116427489e-01 -5.556831583797812169e-01 -2.442034350542086507e+00 6.470406068227858576e-01 6.087258192434894521e-01 4.523610762139351205e-01 3.276033978159852644e+00 -9.553382535281298438e-01 2.291802748330637463e-01 -1.183787934062127123e+00 1.456255294127826394e+00 6.969894475513791487e-01 -1.528428813360438732e-01 -3.447347562585631464e-02 -4.090458603201599375e-01 2.136455849286322123e-02 -5.545311368806594698e-01 -1.753850625831192833e-01 1.630044927350779993e+00 -5.611222406746380065e-01 -7.513256722379670904e-01 1.333862224094560789e+00 -1.891462102764636111e+00 -5.468549237878272962e-01 4.849244975159526794e-01 1.765239142187045862e-01 -5.401007060084435096e-01 -4.194489804727418725e-01 -3.584792378170498783e-01 1.201205204480291666e+00 7.211474978915851652e-01 1.901140067106115161e+00 -1.361429637812030524e+00 -1.083153685087451024e+00 2.656238990631697855e-02 -5.841946422412975792e-01 2.769720689970096017e-01 -2.429950622027250873e+00 -7.866177673366318013e-01 -1.967777327003960020e+00 3.806127511847763323e-01 -1.133128330684863183e+00 1.052957419247768867e+00 -1.603669468559357547e+00 1.902940709161388577e+00 2.802894942120005339e+00 4.130897585004965067e-01 -4.412317520637220464e-02 -1.258515027433840361e+00 1.106719178482520771e+00 -7.682452867179515033e-02 3.811638539170582041e-01 1.212430965276076744e+00 6.856837714776843340e-01 1.874278799781484706e-01 -1.206333164532445990e+00 -1.374448302047338588e+00 -5.992133858438608573e-03 1.705987097229057836e+00 -1.395197573199593366e+00 3.166954363611633738e-01 5.210247556151172132e-02 -1.211175982864695744e+00 1.300043714802873396e+00 -4.585001728414990763e-01 -4.802543325349709069e-01 -7.251062307681215291e-01 2.556588297664045051e+00 1.129218175552468395e+00 -1.220349585994268571e+00 -3.906178251601315488e+00 -8.979776484865691355e-01 1.189912613949636544e+00 -2.822452356648500693e+00 2.120368876587277907e+00 -1.243654501964154058e+00 8.890313564245970746e-01 1.764089288575926978e-02 6.400045364603524911e-01 2.452044765178751362e-01 -1.486552541664294846e+00 5.916097238920337009e-01 -2.220299841260917173e+00 2.048356387951190349e+00 6.167565925736447907e-01 -3.244671440303144028e-01 -1.710343042061568397e+00 6.249468826961884771e-01 -3.022279487195361769e-01 -2.675070502339945699e-01 1.599441273674596875e+00 -7.921553831456447092e-01 -4.058033929498404691e-01 3.465832265588081884e-01 -4.167161830326433503e-01 -3.137789024939388050e+00 5.303288808473033411e-01 -7.564449833010601365e-01 6.220025648523204165e-01 8.021926722051665459e-01 3.120975589153788254e-01 3.656649374924962892e-01 -1.047039209243609825e+00 1.144544586513759565e+00 -7.848296135864076817e-01 1.350304222427884726e+00 1.904905415702999871e+00 -2.650883839358499916e+00 1.012237011092982142e+00 5.735511212013595372e-01 -1.601143183692029570e+00 3.752636557487714075e-01 -7.396789461476758198e-01 6.721452058870719393e-01 1.024784793966330376e+00 1.712750413512283743e+00 -2.217809550475670743e+00 -1.517929655897869434e+00 1.007514924026508135e-01 1.737311370400215216e-01 -8.907146593223865816e-01 -9.568696306859199030e-01 -3.671279319029358001e-01 -4.930448193852568495e-01 1.178943001874201285e-01 -1.158769280223135301e-01 -1.703883841434760890e-02 2.126746639829228958e-01 6.553990376646093852e-01 -2.934278425811229774e-01 -4.931325646082976855e-01 -6.156583093517581373e-01 -1.439130803296406524e+00 2.559150927154229649e+00 7.394751032255507672e-01 -7.787815740132972842e-01 -2.752619536560531599e-01 -3.830806240921606765e-02 -1.046214175744931918e+00 -6.284280472608446688e-01 1.292678015179299589e+00 1.544717866781724902e-01 -5.082905044059997657e-01 -1.818558037524730178e-02 1.426881268428266125e+00 1.895184754086131351e-01 4.758199951597875121e-01 6.313926892073106201e-01 -3.471515022433391717e+00 -1.077601443132354397e+00 -2.303391451856808825e-01 9.232645200310564126e-01 5.457918236368726195e-01 1.181115283373868619e-01 2.583801865853375901e+00 -1.438911990597707469e+00 -6.002038621130951768e-01 1.626417776860583642e+00 2.683778761068224217e+00 -7.473533239235069514e-01 2.084681323277431664e-01 8.002140661173524627e-01 6.586220756452709768e-01 -1.070789369913498768e-01 6.614060437665605363e-01 1.374168484412041868e+00 1.001317673823164167e+00 -8.097642640163196237e-01 3.013920668599655572e-01 -6.202837510660135223e-01 8.723727759780891544e-01 -1.764439555802956028e-01 -2.128180414404710896e-01 8.333047281914324200e-01 9.094274946427620687e-01 2.054886139994914762e-01 1.090538958238543188e+00 3.634757173763303317e-01 1.127469246335214420e-01 6.856488682300310167e-01 -9.737845621179025413e-01 3.249579299660621534e-01 7.725853127722831504e-01 1.890844581824461024e+00 -1.618283481998382678e+00 3.968544588139752971e-01 -1.030086831403220327e+00 1.085400306481488775e+00 3.729329174853130979e-01 3.627919527381736065e-01 -6.603562450571366371e-01 -5.415691240423019526e-01 -3.278857817815461928e+00 1.283703703057449408e+00 9.372962741335963965e-01 -8.476177351253766368e-01 8.053481281218585197e-01 3.621928797311805059e+00 1.917029791183868959e+00 2.288697809641769609e+00 -1.099351650745062692e+00 -2.467179061026607556e+00 -1.189103693224000113e-02 -3.655591894717947210e-01 -2.472813362375342328e-01 -2.650560033954696415e-01 1.820551490591995336e-01 -9.334413047417697840e-01 -4.812371208841672021e-01 2.095820664490184893e+00 4.651080154998299410e-01 6.341848077595708677e-01
1.028038950901009274e+00 7.662760079389420165e-01 -5.075385251622076543e-01 3.596545309881068686e+00 -1.275943117962416107e+00 1.501973770974668054e-01 3.567975312510279995e+00 -3.599815960325600361e+00 4.531486053776259681e-01 2.029680227323535480e+00 1.475188413657017028e+00 4.251313795410008645e+00 6.627027819564022815e-02 -2.794597186036396952e+00 2.434323370640544937e+00 -1.554287616678733164e+00 4.294819588117705145e+00 -9.490617256489969691e-03 9.983039370858222128e-01 -3.956685160456277828e+00 2.393883030495417064e+00 -1.260966870152049069e+01 2.271581042308897569e+00 2.412303927732756037e+00 -1.723243704498315931e-01 9.865926119007132344e-01 -3.325445232903588844e-01 2.674081984203546813e+00 1.257448140303340400e+00 -1.567056334688159858e+00 1.809954809524962238e+00 -1.227557939406379584e+00 2.279422253726943737e+00 -5.925140972557380037e-01 -3.085804819348876848e-01 -4.788613449121289278e+00 3.487553246928059458e+00 -4.072882767159931305e-02 1.381585479187788179e+00 -9.859994760511545664e-01 2.522185148884303008e+00 -8.848813034684759327e-01 -3.615100155426507755e-01 4.771243987729135716e-01 3.363535092602826460e+00 -2.257241501057486666e+00 4.302211018477502869e+00 -1.382137267899381072e+00 1.867557159303661896e-01 2.362615429103164244e-01 -1.466810521519003319e-01 1.440876490408624644e+00 5.097050295280367710e-02 8.970002446277147712e-01 -1.225593718881443639e+00 -2.053282098465366856e-01 -1.072797568738827589e+00 -2.480824797048492236e+00 1.343810207035508741e-01 -1.323992467527073780e+00 -4.684628461985153591e-01 3.892364789720162310e+00 -2.330444823819273648e+00 -3.610051581571144474e+00 1.361423388467999818e+00 -6.761889170693158313e+00 -1.204871184523589767e+00 -2.315903285312745030e+00 2.290163500019778642e+00 3.290074762539035302e-01 3.045024081726169118e+00 3.299632041007482197e+00 -1.171258827101306355e-01 4.396121086651362253e-01 -5.107266364280462767e+00 -2.067224972413477246e+00 8.654467254941765608e-01 4.115218028496279601e+00 3.035949400193678205e+00 3.045118090716706138e+00 6.951511246710209146e-01 2.647397337972125578e-02 9.310519625672181165e-01 -9.905587102610386996e-01 3.619757261176015817e+00 -5.176396736405545873e+00 6.141495646385305429e-01 -5.206631859714728527e+00 6.604283216268322931e+00 3.234257299868343871e+00 -5.569856320724518639e+00 -1.463588541738326532e-01 -1.430421674136613142e+00 1.582252640646680586e+00 -1.975083856658804426e-01 3.205721595115258005e+00 -4.104669065105471581e+00 1.130420382704171889e+00 -1.770316923420024446e+00 2.398255585270225421e+00 -1.914740788753251044e+00 -1.822642459444834551e-01 -2.494187914416984064e+00 3.031480068904725655e+00 3.488049300585352341e+00 1.872796237987793155e+00 1.633129963119250627e+00 7.336893510516652173e-01 -2.821952341968116063e+00 3.220204480675557868e+00 8.417851898024203194e+00 1.375495103973693345e+00 -3.064864940142653538e+00 -2.406137042452772601e+00 -2.751450867501822883e-01 -2.504404131556317914e+00 2.718182863341448652e+00 4.187402411974266436e-01 -9.963836808219264096e-01 -3.009416841006065102e-01 2.575761133930915214e+00 -3.657227540406049471e-01 -1.369892068081886904e+00 -1.044986755878325679e+00 2.963311067795324938e+00 -2.847283579843976398e+00 3.646887600425485765e+00 -1.954510574617326080e-01 2.485339445096963029e+00 -1.843721022401854537e+00 1.059989594125225199e-01 2.222955980918346341e+00 5.937537791930612707e-01 2.675999395364163369e-02 9.078308007655109257e-01 -5.613484160932160627e+00 -4.289698493175159832e+00 -1.930345669953202892e+00 -2.912926897884385635e+00 -1.425599926689840924e+00 3.546811919961263548e-01 2.369997466854880219e+00 2.856940744485326977e+00 5.383123333586239401e-01 -1.173024635997893750e+00 -2.777153831291963026e+00 1.303672267732762791e+00 -2.276062142994362270e-01 -3.449959579521962638e+00 -3.478174495718593107e-02 5.632142079927583644e+00 -1.547862622031646929e+00 -9.794364021792061337e-01 -7.769079132074345750e-01 1.452675359472550332e+00 -7.745459848503412070e-01 6.772012165835930020e-01 2.011417484664568267e+00 1.304256544874659918e+00 -2.717994553413343728e-01 1.691824122147557841e+00 -2.476395399375973749e+00 2.667124034228168128e+00 -3.322353952225728158e+00 -1.612427257747119924e-01 1.221460997700759138e-01 -4.983472476086027447e-02 -3.430378753409389692e+00 1.046284947816708888e+00 -3.842480850559640615e+00 1.686356561981928515e+00 4.296174279817132624e-01 -9.262784773586076881e-01 -2.151446978422512757e+00 2.928770803297638947e-01 2.145195900083465723e+00 6.075632382929714304e-01 -4.313582051914555571e+00 5.370823581980571637e-01 -1.560715346190121533e+00 9.116256713837784798e-01 -3.261645433910347780e+00 1.686143777596536553e-01 9.530910720322623153e-02 4.718355132127891594e-01 -6.075964414680756764e-01 2.883276014096794349e+00 -2.758140116732010760e+00 -4.046278019985131813e+00 -4.727079464106787476e+00 4.021272813928480350e-01 -3.022751211213442257e+00 6.292083936917572951e-01 -5.802196134867211974e+00 6.323446286579398334e-01 -4.529403530584940607e-01 -2.160550101727001515e-01 1.193304765098193027e-01 2.337819410650563146e-01 -4.747755522057560129e-01 6.617971009382064285e-01 4.010381658033804975e+00 1.819747636550722358e+00 2.852263629727565863e+00 2.814374370002487691e+00 -1.501443197294543230e+00 -8.463549054535941529e-01 4.565939222543782705e+00 -4.991908648391932601e+00 4.109269419015010305e-01 -2.856814605393118711e+00 6.734439492347893408e-01 1.209516065473139834e+00 2.825826324154473657e+00 3.263123215306117930e-01 -3.692958762765861547e+00 -8.199581568367371176e-01 9.929390146581252852e-01 -4.314102926256358828e+00 -7.268156778088111780e-01 -1.144727384189930142e+00 -5.533408679751655734e-01 1.685109004309229830e+00 3.635673930052775393e+00 1.470883266561503921e+00
-2.030606010752283197e+00 -3.290899710477305895e+00 1.376746503316795156e+00 -4.692043250619784445e+00 -2.675901816131984301e+00 9.787628371210270739e-01 -1.680453635451096162e+00 4.103088057029211200e+00 -2.244593913842587884e+00 -1.734580341602277032e-01 -1.622459938354619213e+00 1.167313759605965018e+01 -3.805645137181441068e-02 1.714315905167103082e+00 7.145239748684314995e-02 -1.185951546044884175e+00 1.951583757501579530e+00 1.222994688057853052e+00 -2.800043318863187469e+00 4.874488209670080785e+00 -2.323038610386382041e-01 -4.804882930276904163e-01 -9.132526497973559865e-01 -4.685438983413620306e+00 5.680812182393713688e-02 3.296354407028522643e-02 2.407011931295159612e-01 1.982401857090586361e+00 2.495969961378952995e+00 -1.432649645743651723e+00 6.090293452504839777e+00 3.446096221088745248e-01 1.748426601604534669e+00 4.255558414185091343e-02 -3.050746230706503637e-01 -2.448499997653048155e+00 2.907306494796763285e+00 3.079354114468648707e+00 3.868995433846639465e+00 6.617981542575520626e-01 -3.931323831381377421e+00 1.274894954572467487e+00 -5.449641067933559402e-01 2.454444045442390754e-01 6.634845774003038654e-01 -1.291325753312295266e+00 -4.307681693963439917e-01 1.968363211029659388e+00 -2.727378987775289643e-01 1.350688960997848964e-01 -4.649842541906286542e+00 1.136631409804325532e+00 3.840374061318246879e-02 4.057061185393252001e-01 8.890918985226020643e-02 1.872276407666910725e+00 -3.285172607137601730e+00 2.512132808371346560e+00 -6.229725861029334899e-01 1.755326711618143909e+00 -1.248356450329582756e+00 -4.714157238948871509e+00 -5.794564019934745680e+00 3.573088286138590863e+00 -1.081682563909134087e+00 -1.723322832009580141e+00 6.947014637969877171e-01 1.810902391776454845e+00 -2.318863011980257571e+00 4.665713016323628892e+00 2.531736358028643163e+00 -4.162244793236642870e+00 -1.157047195527512429e+01 -1.295232434911794961e-01 4.360552640183059658e+00 -4.287438091065957635e-01 -3.540831793774017022e+00 -2.346443145755218840e+00 -2.920453138094205148e+00 2.305266284892499296e-01 -3.128961694681507422e-01 3.639468585294982628e+00 2.068339058693455357e+00 -4.769206415656467080e+00 -3.617670488057306954e+00 2.638509475310717001e+00 2.823287610155298388e-01 -5.805533968194795946e-01 -7.856562501320536462e-01 1.076874048896445757e+01 -3.107019591371617651e+00 1.150125757600742871e+00 -5.572410565631545909e-01 3.287213703367430018e+00 1.039186691582250743e+00 6.105799276909866791e+00 2.232325614869217656e+00 -1.931603707129984970e+00 7.047139549166582251e-01 7.493221306546860028e+00 2.678024528084881339e+00 7.907159431691999085e-01 -6.743510365739830981e+00 -2.166308503482596848e+00 -1.674049202650743362e-01 -1.335054431895131843e+00 -7.356339307568179331e-01 -2.273695739078662736e-01 4.215355682075901278e+00 2.113917306988533529e+00 3.156160326725763632e+00 -1.853947939852611748e+00 1.601645345792487740e+00 1.766410035697821845e+00 2.627833946617856409e+00 3.048387414332505707e-01 3.309337218818324100e+00 -5.340484124645566766e+00 2.708806961337913766e+00 1.042570014690531316e-01 1.858889608282300321e+00 -1.394036464193188773e-01 -1.259436791159312952e-02 2.651045410407736114e+00 -1.024526387934964644e+00 1.177409383738845072e+00 -1.372823627739424346e+00 -8.526777075220985935e-01 -6.063512713507893892e+00 -4.717789388494337821e+00 -6.656916906221530539e-01 1.090716825563489145e+00 2.913928677517449994e-01 1.142925987177207725e+00 7.086784864228746761e-01 7.649712373122469211e-01 -1.104638787792262988e+00 -4.041528197165998648e+00 -3.292102165639691158e+00 -3.752141707144333260e+00 1.602313872225638036e-01 1.343167618768527749e+00 -1.202427927143341790e+00 6.565507092034591485e-01 -4.549808194074342893e+00 2.649693050780247194e+00 -8.967851170310741082e+00 -6.333727509844624848e+00 -4.569682869621660704e-02 3.615634317594955682e-01 5.070741969316667763e+00 -4.961999128956275790e-02 9.633712180439468753e-01 4.865503493177640304e-01 1.295927806411530714e+00 1.482676730137125753e+00 -2.879673656382202851e-01 -1.481149440810263895e+00 4.859600091257866294e-01 3.551336697667828002e+00 -1.299576182616768882e+00 -9.371723537051924735e-01 -2.258603519443847518e-01 -1.635038990761228161e+00 5.764694149310936044e-01 -1.481206065618168310e-01 -3.997919858789036329e-01 -2.881833491283182003e+00 2.697647280899355238e+00 2.206482336019497836e+00 6.297448822572135167e-03 -2.028814948990939282e+00 1.171380385256405976e+00 8.296777197727970288e-01 1.005973474439098903e+00 -2.952499593502785902e-01 -3.978496716490148577e-02 2.954752062676373914e+00 -4.287692746052591097e+00 1.721774588647698057e+00 1.088063463662611863e+00 2.919844566280322962e-01 -1.850823034276640744e-01 -9.377128571639127275e-01 1.477316315595817553e+00 2.120554282842856963e-01 -3.582836825920721613e-01 -1.909424442320618143e+00 -3.982081483833141089e+00 -2.761263158762345071e+00 -1.406283718017544926e+00 -2.570121723172042572e+00 8.452164484264602651e-01 4.884303145548201108e+00 -2.670753807941149138e-01 -8.983505934916068414e-01 1.477191039519607951e+00 1.169629720578606452e-01 -1.963545083168233285e+00 -3.252860621370468053e-01 1.231174535389931490e+00 -2.818968960199112583e+00 2.637245552717051744e+00 -3.203611820926710596e+00 -1.372816372150652553e-01 -6.560792451374524603e+00 -4.601675925079429241e+00 -2.635749527008717674e+00 2.887020066210513880e-01 -1.183240017576750347e+00 2.857853022082827432e-01 -1.197225431675321472e+00 2.031607473743573866e+00 4.244180742947308183e+00 2.276559272377797427e+00 2.270720807151866971e+00 -4.714358467980472311e-01 1.078332500290331897e+00 5.008103714369704029e+00 -6.907649126001073059e-01 6.357055712622536880e-01 7.518413372188100796e-01 2.043996355543562071e+00 5.114901273003041204e+00 -5.517237696518447754e-01
-7.542026278510065573e-01 -1.461867863981248128e+00 7.189201081159394269e-01 -3.666760080263443022e+00 -3.561832754954135982e+00 6.879585982248231923e-01 -3.326542237132338542e+00 -2.258680020292597401e+00 2.215103017841474897e-01 -2.654216816449043392e+00 1.788667792061019446e+00 -3.385330548769976300e+00 3.015119391107383695e-01 -5.926488701734844433e+00 3.940591590285194568e-02 8.910103473015692499e-01 -2.280913389691590965e+00 1.114343504852862488e+01 -1.755300295798658983e+00 -3.836718931946958122e+00 -8.832259267435851324e-01 2.292583566106110915e+00 3.119774240516303143e-01 9.769406717982065391e-02 -5.794262914954909638e-01 3.758150649965552592e-01 3.852370438401166997e-01 1.891291937294328207e+00 -4.571282061428530441e-01 -1.209528390491703548e-02 -8.538568560952276565e-01 1.531143467142104080e-03 -3.292609630999526082e+00 6.564528331351052182e-02 -2.312122804356915307e-01 4.576166095010602675e+00 1.775755347643911408e+00 -2.957681893635806247e+00 2.453251511801310403e-01 -2.994517402678302798e-01 -7.707534538153593129e-01 2.303023628335651163e-01 -3.417828494913247805e+00 -4.828455347262562647e+00 -1.155164472132377940e+00 5.431156915333674284e+00 -1.224770995653748473e+00 1.653456710611935998e+00 2.170649341122034226e+00 1.100895685001487267e+00 -2.902909117838569752e+00 1.192133132902163606e+00 1.024119844027451487e+00 -7.682205324599459262e-01 3.372108907566344627e-01 6.915354257725316867e-01 -7.795625603382484448e-01 1.282823650994326936e+00 6.058561734662844422e+00 -1.425229819466907744e+00 5.145832155736219660e-01 8.640167431351387650e-01 -4.135645017175444416e+00 -6.514606033677918795e+00 2.714372958366612076e-01 -1.701409504378519344e-01 5.299607603628899710e-01 1.061462334993665685e-01 6.476401489447287663e-01 3.568946899287631647e-01 1.547159039333440900e+00 -4.949374853271981678e-02 4.224951454662406292e+00 -1.927731023370852226e-01 -3.699192106001562147e-03 7.219130142177493381e-01 3.299176796380099308e+00 -2.788492760324836173e+00 -3.082105422126439453e+00 -1.769072678708960122e+00 -2.974545814224018314e-01 -8.000247500131002498e-01 1.234612175451112792e+00 3.741847124216943321e+00 -8.758821626837971497e-01 2.351332908393600096e+00 4.303753396271521869e-01 4.040774353830382637e+00 4.077436419433727588e-01 -8.172560638987436121e+00 -2.400097655578746991e+00 -6.741378626108532335e-02 -3.012392298099276111e+00 3.252199770159078795e+00 -5.202482605852368769e-01 -6.017043389972773326e+00 8.228295177217116452e-01 2.492299849507515486e-01 -2.156390756061494329e+00 7.832694122636879364e+00 2.484333854415115894e+00 2.330332668639028271e-01 -1.963594807565443023e+00 -1.634052244732218939e-02 -5.780975178897519662e+00 -1.012131061423953149e+00 1.480965636715193545e+00 5.862689650599101077e-01 7.037093640459800570e-01 -1.513811391239708648e+00 1.155794543435619826e+00 9.771533893707223806e-01 -1.415380635528994957e-01 4.177627110810028910e+00 2.217521332065492068e+00 -1.960191118523268994e+00 -5.113314511559606146e+00 -6.025427289991047708e-01 -6.687812621886215503e-01 -4.046594022587817752e-01 4.357136927846269603e-01 -1.989914902700294919e-01 -8.988989343298959822e-01 -2.343203402858704099e+00 4.011744811432594204e+00 2.055875114981054796e+00 2.554151842657168991e+00 -3.539555290834548451e-01 -3.704263404246035840e+00 -8.089296285445843893e-01 3.387751778281986592e-01 1.634431318949724377e+00 7.289030526795087228e-02 1.059037558826368075e+00 2.197097971490586499e+00 -1.640967793408825592e+00 -3.371855202028878562e+00 2.973894300659500889e+00 -3.255766107915353480e+00 -9.207498203747750409e-01 -4.131433069673285385e-01 -1.407466344838916639e+00 -9.419027087318972979e-01 -6.027061255867338652e-01 4.389227685425457715e+00 -5.268859009912422176e-01 -3.068546501018535544e+00 -2.077107136556271549e-01 -3.892763493490221549e+00 5.799328806731962604e-01 1.675885223512556754e+00 -2.919346823861717621e-01 3.015144904608723642e-01 -1.587193434561848138e+00 3.367282593522578971e+00 3.003018676858634439e+00 1.065786996520874830e+00 -2.073989571822729694e+00 -4.417979488671606170e-01 1.677376312396820390e+00 -2.610639911678938052e-01 -6.817561542897937699e+00 9.071570405428749373e-01 -6.281451722172316288e+00 -5.368052423425998532e-01 -4.938008923430255437e-01 -5.128211312817666512e-01 -6.607694072407966246e+00 -1.708735529068673875e+00 1.183690875829648048e+00 1.323033929935296094e+01 2.115585397916305066e+00 -7.360263848928917163e+00 -8.953338712057808957e-01 -1.315713977870977436e+00 7.007331595773608202e-01 -6.821574649244961819e+00 -3.782876810470245488e+00 3.407153700636295746e+00 -2.800811600758215114e-01 -1.068938601323729809e-01 1.564301527988585683e+00 1.049902731823764042e-02 1.362897774031932852e-01 -6.121655308929992989e-01 8.720421239232137856e-01 3.074478362067582626e+00 5.412153891966319463e+00 3.696906012225329441e+00 5.803226315175825434e+00 -4.504973623969853458e-01 -3.511879514332217678e+00 1.346740799258287380e+00 -6.255661870253021561e+00 1.355189473537036893e+00 -1.006115876953162097e-01 -2.025290244725670874e+00 3.029555665688284383e-01 1.117171682859233739e+00 2.234624201560863721e+00 3.022242460419696908e+00 1.356854210865687582e+00 2.973625064182311428e-01 5.616955824110090312e+00 1.964967452993042096e+00 5.615878185603047357e-02 -2.306925082708410457e+00 1.770546837562499753e+00 -6.172821392546085084e-01 2.422909420304531825e+00 1.983111090829762502e-01 -2.606457671862179915e+00 3.945119834344658738e+00 -2.282824746753002287e+00 3.875258703223553258e+00 2.043782542710021577e+00 1.984073529644364342e+00 -8.590291693801324069e-01 -1.640512820934775018e+00 -2.173146782981504321e-01 1.513552989544779237e+00 3.913483334252210621e+00 1.505093929050589141e+00 3.924103757403559545e+00 2.410735096830892044e+00
