# 
#                 ----------------------------------------------------
#                 Data from a 3D direct N-body simulation. 
# 
#                 rows are i-particle; 
#                 coumns are :mass, tag, x ,y, z, vx, vy, vz, ax, ay, az
# 
#                 NTHU, Computational Physics 
# 
#                 ----------------------------------------------------
#                 Time = 0.0
0.000000000000000000e+00 1.000000000000000000e+00 2.000000000000000000e+00 3.000000000000000000e+00 4.000000000000000000e+00 5.000000000000000000e+00 6.000000000000000000e+00 7.000000000000000000e+00 8.000000000000000000e+00 9.000000000000000000e+00 1.000000000000000000e+01 1.100000000000000000e+01 1.200000000000000000e+01 1.300000000000000000e+01 1.400000000000000000e+01 1.500000000000000000e+01 1.600000000000000000e+01 1.700000000000000000e+01 1.800000000000000000e+01 1.900000000000000000e+01 2.000000000000000000e+01 2.100000000000000000e+01 2.200000000000000000e+01 2.300000000000000000e+01 2.400000000000000000e+01 2.500000000000000000e+01 2.600000000000000000e+01 2.700000000000000000e+01 2.800000000000000000e+01 2.900000000000000000e+01 3.000000000000000000e+01 3.100000000000000000e+01 3.200000000000000000e+01 3.300000000000000000e+01 3.400000000000000000e+01 3.500000000000000000e+01 3.600000000000000000e+01 3.700000000000000000e+01 3.800000000000000000e+01 3.900000000000000000e+01 4.000000000000000000e+01 4.100000000000000000e+01 4.200000000000000000e+01 4.300000000000000000e+01 4.400000000000000000e+01 4.500000000000000000e+01 4.600000000000000000e+01 4.700000000000000000e+01 4.800000000000000000e+01 4.900000000000000000e+01 5.000000000000000000e+01 5.100000000000000000e+01 5.200000000000000000e+01 5.300000000000000000e+01 5.400000000000000000e+01 5.500000000000000000e+01 5.600000000000000000e+01 5.700000000000000000e+01 5.800000000000000000e+01 5.900000000000000000e+01 6.000000000000000000e+01 6.100000000000000000e+01 6.200000000000000000e+01 6.300000000000000000e+01 6.400000000000000000e+01 6.500000000000000000e+01 6.600000000000000000e+01 6.700000000000000000e+01 6.800000000000000000e+01 6.900000000000000000e+01 7.000000000000000000e+01 7.100000000000000000e+01 7.200000000000000000e+01 7.300000000000000000e+01 7.400000000000000000e+01 7.500000000000000000e+01 7.600000000000000000e+01 7.700000000000000000e+01 7.800000000000000000e+01 7.900000000000000000e+01 8.000000000000000000e+01 8.100000000000000000e+01 8.200000000000000000e+01 8.300000000000000000e+01 8.400000000000000000e+01 8.500000000000000000e+01 8.600000000000000000e+01 8.700000000000000000e+01 8.800000000000000000e+01 8.900000000000000000e+01 9.000000000000000000e+01 9.100000000000000000e+01 9.200000000000000000e+01 9.300000000000000000e+01 9.400000000000000000e+01 9.500000000000000000e+01 9.600000000000000000e+01 9.700000000000000000e+01 9.800000000000000000e+01 9.900000000000000000e+01
1.000000000000000056e-01 1.000000000000000056e-01 1.000000000000000056e-01 1.000000000000000056e-01 1.000000000000000056e-01 1.000000000000000056e-01 1.000000000000000056e-01 1.000000000000000056e-01 1.000000000000000056e-01 1.000000000000000056e-01 1.000000000000000056e-01 1.000000000000000056e-01 1.000000000000000056e-01 1.000000000000000056e-01 1.000000000000000056e-01 1.000000000000000056e-01 1.000000000000000056e-01 1.000000000000000056e-01 1.000000000000000056e-01 1.000000000000000056e-01 1.000000000000000056e-01 1.000000000000000056e-01 1.000000000000000056e-01 1.000000000000000056e-01 1.000000000000000056e-01 1.000000000000000056e-01 1.000000000000000056e-01 1.000000000000000056e-01 1.000000000000000056e-01 1.000000000000000056e-01 1.000000000000000056e-01 1.000000000000000056e-01 1.000000000000000056e-01 1.000000000000000056e-01 1.000000000000000056e-01 1.000000000000000056e-01 1.000000000000000056e-01 1.000000000000000056e-01 1.000000000000000056e-01 1.000000000000000056e-01 1.000000000000000056e-01 1.000000000000000056e-01 1.000000000000000056e-01 1.000000000000000056e-01 1.000000000000000056e-01 1.000000000000000056e-01 1.000000000000000056e-01 1.000000000000000056e-01 1.000000000000000056e-01 1.000000000000000056e-01 1.000000000000000056e-01 1.000000000000000056e-01 1.000000000000000056e-01 1.000000000000000056e-01 1.000000000000000056e-01 1.000000000000000056e-01 1.000000000000000056e-01 1.000000000000000056e-01 1.000000000000000056e-01 1.000000000000000056e-01 1.000000000000000056e-01 1.000000000000000056e-01 1.000000000000000056e-01 1.000000000000000056e-01 1.000000000000000056e-01 1.000000000000000056e-01 1.000000000000000056e-01 1.000000000000000056e-01 1.000000000000000056e-01 1.000000000000000056e-01 1.000000000000000056e-01 1.000000000000000056e-01 1.000000000000000056e-01 1.000000000000000056e-01 1.000000000000000056e-01 1.000000000000000056e-01 1.000000000000000056e-01 1.000000000000000056e-01 1.000000000000000056e-01 1.000000000000000056e-01 1.000000000000000056e-01 1.000000000000000056e-01 1.000000000000000056e-01 1.000000000000000056e-01 1.000000000000000056e-01 1.000000000000000056e-01 1.000000000000000056e-01 1.000000000000000056e-01 1.000000000000000056e-01 1.000000000000000056e-01 1.000000000000000056e-01 1.000000000000000056e-01 1.000000000000000056e-01 1.000000000000000056e-01 1.000000000000000056e-01 1.000000000000000056e-01 1.000000000000000056e-01 1.000000000000000056e-01 1.000000000000000056e-01 1.000000000000000056e-01
2.332468822390287577e-01 -1.885624037602970371e-01 2.352965397546741944e+00 -1.343822223464300025e+00 -4.166099690865291416e-01 5.178513517598309912e-01 -1.110437182026769755e-02 3.510697235213009471e-01 7.172468109995296937e-01 -2.325156310201279553e+00 -1.984156146320646963e+00 2.367777245781415435e-02 7.246573042007681265e-02 1.103298536541791997e+00 -4.790621973888786744e-01 4.465982578737405506e-02 6.412114735013375588e-01 3.241173653120952847e-01 1.831087023699100313e-01 1.957569157490314238e+00 1.162347533218024198e+00 -6.556063078293955515e-01 -1.251412117703186944e+00 1.035319168701105186e+00 -1.206507614409502160e+00 -1.367231145141475146e+00 -6.859412219740927963e-01 1.438692922680280928e+00 4.397973541016644283e-01 1.088428693072682973e+00 -2.895716610068148622e-01 -3.327627034623061864e-01 -7.955223094251829830e-01 9.878081347633916875e-01 4.918137234509057376e-01 6.211746765707863993e-01 -3.570789215328515898e-01 9.575237915753301854e-01 1.763751640257258169e+00 9.666394913009528356e-01 -5.285532066766950310e-01 -1.295540749263731639e+00 -3.172014728395722294e+00 1.567272195939240387e+00 -5.035304659205381839e-01 -1.248308904238370820e+00 1.288290809108002533e+00 -3.948103675172500715e-01 1.929789359027154483e-01 -9.394916329383696807e-01 2.493038243085165639e+00 -1.174187564077058682e-01 -5.285353943620105799e-01 1.692786082752118393e+00 -2.313045245200460662e-02 -1.077000439372116203e+00 -1.738531093971940500e+00 -1.356491863982390855e+00 -6.463261181289816637e-01 2.474923770993583627e+00 1.894753236437070942e+00 1.096786537507768999e+00 6.340921563077108747e-01 -9.829263305584469146e-01 4.332783666455044536e-01 -5.485571879613005963e-01 -7.433869870464964169e-01 5.701116022204352207e-01 -1.139771943645014662e+00 -7.340964406830936539e-01 4.533099258954133015e-01 2.348279271153950631e+00 -1.176234044083277475e+00 1.404469409943110314e+00 -1.049586120673555278e+00 6.153318624659990244e-01 -1.543256126872607770e-01 -2.176124172218804886e-01 -6.057150288788284431e-01 -2.453748510076299016e+00 8.082117792945842094e-01 -4.744381256981046735e-01 1.184171070874745268e+00 -1.148807902702094902e-01 -6.452681796978729789e-01 2.019887357142424733e-01 1.735213013494081302e+00 8.168475877409024921e-01 1.484155343236874883e-02 3.177509689420619510e-01 1.016613065771805324e+00 -1.149154829729090777e+00 -5.422477976028224900e-01 1.663463728431578748e+00 -2.558603027394259932e+00 1.879878280174439864e-01 -3.495375157169577918e-01 5.111576250539752175e-01 -1.269597082214953543e-01 -1.637201142780542629e+00
-1.000610544862641893e+00 -1.439014747246754711e+00 -8.357860072396825490e-01 1.923304585726186566e+00 2.205511924483254838e+00 -1.012711362229004930e+00 -1.350402279458053023e+00 -1.035709974693935331e+00 2.893558276650127770e-01 -1.891819764905475765e-01 -3.079406225752412060e-02 -1.442794108300710088e-01 -6.136291240725859630e-01 9.993796002955015467e-01 -4.025932043707384778e-01 -2.765137007277807535e-01 2.006039238545789694e+00 4.689221331689421013e-01 -1.265458298115013980e+00 -3.581961531806032717e-01 1.730679858059133158e+00 8.231910656092529255e-01 -1.939320664378151093e+00 3.062311039686737568e-01 5.454136484909161142e-01 -1.389798108583251146e+00 5.789446698623303134e-02 -2.550701219273829867e-01 1.626081126431371482e+00 -9.756356618134347514e-01 -7.546429610605638327e-01 1.704769819022756705e+00 -3.936771726883309674e-01 -3.473914412731646806e-01 6.844629151314654547e-02 -1.200099562462886738e+00 -1.147158248789316159e+00 1.080409627496520697e+00 -8.739135465586073126e-01 -1.602813994367761063e+00 2.950375060403837679e+00 8.612424011283509317e-03 2.238733602310088777e+00 -1.580850003098035916e+00 3.735673699783132462e-01 -2.874802534496666284e-02 -4.618176395188330896e-01 1.272826244886927638e-01 6.552625718611565508e-01 8.277660071526471430e-01 -7.453718941197121639e-01 -1.230153570930472284e+00 7.079981173351238555e-01 5.893422361389070163e-01 -3.867489086435919043e-01 5.877882269522564929e-02 -9.805852236401321198e-01 2.030262386018020671e+00 1.158482678572604785e+00 -1.519449831531137496e-01 -8.496847403322445036e-01 -9.671915504841880340e-01 -1.007212812968759780e-01 -2.308131343886183628e-01 -1.414607601120617675e-01 -7.067508362292209689e-01 -8.885188710539633217e-01 -1.900144315603495615e+00 1.959121389615833708e+00 1.120247955308615762e+00 1.790059899617099104e+00 2.580342427650304526e-01 -1.173808777232471012e+00 8.619273155968665279e-01 5.712282361297014166e-01 -8.671453891916159895e-01 -1.932242076448502655e-01 6.503941095748123624e-01 -1.314912974542038260e+00 7.014572867524855315e-01 -3.594117751177063752e-02 5.251897106751221012e-01 -1.374858007221542722e-01 -2.111153973958689867e-01 2.966808916912948985e-02 1.174259864965375932e+00 4.110561222102736278e-02 -1.831642050253756426e-01 -2.570974767049065135e-01 1.158824226530120599e-01 -2.063570343839349064e-01 -6.050141286797552365e-01 1.587006845953711498e-01 -1.606879625796142408e+00 -5.652307700526351120e-01 2.314069762752188342e-01 1.511039336205198147e+00 1.898834351582180169e+00 9.559241124773638631e-01 1.177730314836116926e-01
-9.970620437830672866e-01 -6.166168540355619621e-02 -9.016281927705019905e-01 -1.888944526196142837e+00 -6.761607310921907699e-01 -7.608970295305996778e-01 -5.968000470959875514e-01 -9.493770034510775613e-01 -1.215458970100730118e-02 9.108663123348728075e-01 -6.994339428481076704e-01 3.426232618166397126e-01 1.842170758946408471e+00 -3.968596567224662586e-01 -5.660430025651781438e-01 -5.387192077667852796e-01 1.136604601151992133e+00 7.547596760396538818e-01 1.108460279383010283e+00 -2.658437015332827946e-01 5.690520136054402212e-01 -1.545426765909568401e+00 1.066252620248800409e-02 9.853156226718920441e-02 1.092675578193241272e-02 -2.985703120178946277e-02 1.431369017980824720e-01 -4.191949827464502287e-01 1.385134627858283229e-01 2.032540036807342632e-01 -4.224489022098226187e-01 -1.913692211500005902e+00 -2.748607414593513543e-01 -5.054384267513589712e-01 1.829190741001294682e-03 4.963916786918758373e-01 1.043828442731619788e+00 1.293583908106360925e+00 -3.394639182039942971e-01 4.150674483588872588e-01 -9.744820905502808717e-02 1.097593929334347074e+00 1.440550920370111454e+00 -9.726313040208320881e-01 3.670202350511742040e-01 1.892850757634240155e-01 -1.412258608027698592e-01 -1.368266290836782917e-01 -1.393127965850214478e+00 1.389217747069635855e+00 7.851097879326622841e-01 -6.465542469979321805e-01 -4.723764024868991607e-01 -2.420819047923881973e-01 -5.861942303249215724e-01 1.477486409192593664e+00 -1.621183454729186735e-01 -7.803355097348128044e-01 -9.545293567736853335e-01 8.857400612996794154e-01 4.869214165923346216e-01 1.131402719520328143e-01 -7.918339721567420053e-01 -2.068334091828689214e+00 4.072725952157264517e-01 -7.908152715300350577e-01 -3.341118614097616235e-01 5.561978041233311965e-01 -1.062204462436859398e+00 -4.376477897959633045e-01 -1.689462685240457285e+00 -7.899088574668713392e-01 -1.146653919514772912e-01 1.158144761150129293e-01 3.102347929444570010e-02 1.609249903170135720e+00 1.652548802039550457e+00 4.434338920132262496e-01 -3.105429743644784746e-01 1.801309486565987994e+00 -2.300326529435391176e+00 1.106369688173614585e-01 2.379563578477097430e+00 1.570665654748485185e+00 1.920001317707193123e-01 -4.530450082453547078e-01 -1.034725712135370568e+00 8.244263566389782305e-01 2.136293435742235292e-01 -6.719687679587916795e-01 3.935187229774589346e-01 5.478902844719489851e-01 1.028365030926036372e+00 -7.763646989905721441e-01 -1.209208800478168255e+00 -2.362186516953622417e-01 1.103439833379404600e-01 -4.794109794838467553e-01 3.232407201551306120e+00 -9.179577595694451420e-01
-8.423425682301219353e-02 2.432054971927279652e-01 1.272179577267877226e+00 -3.061722595276506476e-01 -9.286259487897757792e-01 -2.452289659120870102e-01 -5.160555703287957874e-01 -2.442048096415281755e+00 1.117124957707795740e+00 1.681839842146550801e+00 2.526694097179356668e-01 4.269965040791664501e-01 3.254776169290075072e-01 -2.948403447532008670e-01 7.063798956501136095e-01 -9.640742401327578870e-01 -1.853686995434831175e+00 -1.253125531915408042e-01 8.058327131898161966e-01 1.278522978880940464e+00 8.836473404702263612e-02 -5.825269595299727987e-01 4.604693926464639708e-01 -3.349709895184622144e-01 -1.421825246025582912e+00 1.302958075028012530e+00 5.831177939856128090e-01 2.184736825338776944e-01 -2.379198228183833752e+00 2.716516747100031770e-01 2.037321346168032288e-01 -5.870903659905145622e-01 -7.134981103701818483e-01 -1.790819575369588357e+00 -2.553277127727473506e+00 1.886961465034084351e-01 -5.745567120696454255e-01 1.767140674430081493e+00 4.743885501168176311e-01 -6.470080382713921940e-02 -2.774748574548469016e-01 7.730264369074911768e-01 4.499746942116625292e-01 -1.615395602098308681e+00 -7.861631566700101326e-01 5.087452722451412113e-01 -1.420043351917990304e-01 1.191069623936860555e+00 -1.528305600293108357e+00 1.251678024659485522e-01 3.721617396286011625e-01 -7.406458799544344274e-01 -7.121415702763274347e-02 3.276445748932843016e-01 -3.036726436707732346e-01 1.170424567102722246e+00 -7.446893020485010339e-01 3.352673527637752698e-02 5.848330955178870916e-01 -1.097619515739681195e-01 6.032913749252667435e-01 7.143547939027042326e-02 1.044262363188905640e+00 -4.059003819583454908e-01 -2.295665791091018093e+00 -7.657095791070213098e-01 -1.493367424959402223e+00 9.836015839597996857e-01 -8.857741291322161759e-02 -7.133542687996144993e-01 2.284750663341673871e+00 9.934374947848990667e-01 -7.839029555978030972e-01 -2.139675121563158644e+00 -1.323129044386534447e+00 -9.290503696558208846e-01 1.599767211933523781e-01 2.353087347014481523e+00 3.117968274812138452e-01 6.520605751463430799e-01 1.735608338218968427e+00 -6.778261379862087210e-01 -6.674803591275134396e-02 1.854727101391107968e+00 6.031364066238481536e-02 2.052702067660158836e+00 7.919927624553135814e-01 -6.331275861423120155e-01 1.636743083559837109e+00 7.891607365717873135e-01 2.531674911726099486e-01 -5.294661859699592021e-01 7.306270703978628989e-01 2.570048553441603434e-01 1.024211750072594684e+00 -9.864973747337233423e-01 -7.544278217817439458e-01 -1.060584982787529995e+00 2.857514609448564835e-01 -1.479571304458495162e-01
1.296228688558273001e+00 8.010356470598682943e-01 -6.849763168492861709e-01 -1.633177864421848091e-01 -4.136191557428312571e-01 1.512600869858830466e+00 7.355389538236303260e-01 -4.829295717361554163e-01 3.949781850685317175e-01 8.109415404175457365e-01 -7.923242670507177343e-02 2.611039362088248827e-01 1.039071629713053557e+00 5.602968941102038913e-01 2.369808827933464757e-01 4.605811290004386827e-01 -1.005540942018575273e-01 -5.870542058112706574e-01 -1.367080368350794828e+00 -9.975231178468130233e-02 1.438714050441033843e+00 4.728394246331358297e-01 1.599198985790736494e+00 -9.289329758347933952e-01 -4.604470355034245288e-01 3.848272144048798249e-01 1.182889880008502148e+00 5.866450372552732828e-01 -1.828953515802528296e+00 -2.315144889703429243e+00 -1.894352739469103319e+00 3.418824422395431717e-01 1.262163626151181495e-01 -1.377711672217370731e-01 6.952844218099973883e-01 -3.494387993993837704e-01 -6.373913599927725215e-01 8.762403814711443584e-01 -7.076344071481281972e-01 -4.241153672206028902e-01 -1.947585780304355307e-01 -6.790650587279936090e-01 -6.657626634870891236e-01 -1.653602754879167192e+00 2.564438486096247694e-01 -1.090551392236007056e+00 -4.588788711008217613e-01 2.136147356866694658e+00 -1.065511446390625450e+00 -1.564214341975669109e+00 -1.546498470214332066e+00 -4.173078203003056652e-01 -7.454687789086902328e-01 1.472101977076087920e+00 2.457651356427020151e+00 6.844145264381367166e-01 -6.167124195854831736e-01 1.355822744306437899e+00 2.515323459393456584e+00 -2.854775697449488669e-01 9.502007165937875754e-01 -1.647636631502617854e+00 3.799860147736430771e-01 -1.100774224039077431e+00 -5.297960496246042483e-01 1.192162943553163323e+00 -2.968971813634800672e+00 1.213634969199993252e+00 -9.415760862646278540e-01 2.552500817554161916e-01 2.321178438521825704e+00 -9.227149624947900142e-01 4.918051601698942843e-01 -1.028782201135332031e+00 6.262005814272424420e-01 1.582972200324463286e+00 2.089581982360011025e+00 -6.169906713768573414e-02 5.020973156507929636e-02 -1.753425026535949671e+00 3.588630804844071265e-01 -9.756652382007876545e-01 -7.033856845694541615e-01 -1.179985330337316674e+00 -7.931557352629522439e-01 9.551078481893858774e-01 2.224119569351559744e-01 1.492388557947421868e+00 -5.694095072875996477e-01 1.508930563578697148e+00 4.942560335788219184e-01 -1.658151733658200566e+00 -6.702902087511781737e-01 -2.742090378134234840e-01 2.062058954931121901e-01 3.264511474055648010e-01 -4.775882335450769983e-03 -9.083048095437736835e-01 -6.784887688534551042e-01 3.359391581173804542e-01
8.054612982556089706e-01 -7.928640913206819185e-01 -5.462068166031613936e-01 -1.567579056639734625e-01 -1.783226968958322001e+00 -9.528986970367253617e-01 -1.173632685719160129e+00 3.250271101479245583e+00 5.965750843308122997e-01 3.508795757614925903e-01 4.025720704581068898e-01 1.970982671665869740e-02 -3.275171160132909765e-01 9.527615565532262520e-01 1.589370339622606432e+00 1.278485086171585294e+00 9.266327098970302822e-01 3.303653051488221748e-01 -1.534399901201030092e+00 -4.560457552753507254e-02 4.581188971142666211e-01 8.039774899363205662e-01 1.258149733914361246e+00 -1.046705677728879819e-01 -9.115424797129269008e-01 -1.140048123606138830e+00 -1.323465517183788798e+00 -4.464240924626088347e-01 -3.489873181615170683e-01 -1.484992307291320479e+00 -4.244596724903677565e-01 -1.569798671404136758e+00 2.230208243765189891e-01 -6.018441330327808370e-01 -1.430428846943508248e+00 -7.130960459041224553e-01 -8.620476061707191828e-01 -1.197636920405904082e+00 1.018930692136401417e+00 1.446390271745549683e+00 7.153166596976743286e-01 2.150149785344251663e-01 1.193209248640742237e-01 -2.230960607375966909e-01 -1.112342023090198806e+00 -1.767607636923737013e+00 -4.332912410930264135e-01 1.026730068013771868e+00 -3.257125649912806509e-01 -4.374953254224179244e-01 -4.525400464619123708e-01 2.147287940392457739e-01 -1.245496242898276984e+00 8.152970010197181372e-01 5.807312350391135025e-01 -1.362718817535212290e+00 3.739496099301278798e-01 -1.065546706580312586e+00 -8.059347036597848124e-01 -1.923011465073204071e-02 -1.696005003654270094e-01 -2.822887153159922557e-02 -3.632759744093161380e-01 -1.160403192794599248e+00 5.112603269522520977e-01 7.785880525484134562e-02 -1.141376508794728517e+00 1.296859510103087754e+00 -2.066577069092365271e+00 1.162522890650707907e+00 1.468585976001060667e+00 -6.502593336659335810e-01 3.161375427911611857e-01 -6.624665427520374239e-01 7.464632623384779286e-01 -5.665192484159158326e-01 1.287285037245256891e+00 9.165779215712742678e-01 5.981189707790142140e-01 3.597037747972601784e-01 -1.881074762552815138e-01 -1.787124951762240732e+00 9.199140657274679223e-01 1.304861672542473316e+00 3.897641292470591656e-01 8.794678122969235012e-02 -7.106990377781592649e-02 -6.305153807791572529e-01 1.282283706249228494e+00 -7.323972517187532505e-01 -1.297674996124940638e-01 -8.760252839691740068e-02 -4.874053259205611832e-01 1.672840909664631059e+00 2.128795049395728889e-01 1.148525000868858781e+00 -9.581465263056686277e-02 7.269918829366474045e-01 1.048671455393579199e+00 1.678492519079610445e-01
5.009360223571585280e+00 7.351692236639265424e-03 -1.320546371075244307e+00 5.612180051133537351e-01 6.885167858249185979e-02 -2.384316249298804369e+00 -2.177434288600029966e+00 -4.862782309315456963e+00 -1.085355005041529708e+00 1.173031497363792530e+00 1.704600679114704809e+00 1.456908129893319526e-01 -1.229541447314399794e-01 -8.924451154357977423e-01 1.241869740525095578e+00 -2.717660559996663672e+00 -1.872974977475956315e-01 -5.719567062726566009e-01 -1.698452409766222915e-01 -1.998915336903462237e+00 -8.109777229636846441e-01 5.112166038330496765e-01 7.388666237736719600e-01 -2.101625843381328185e+00 5.565569775490094351e+00 1.849763023761150871e+00 1.366803073771050059e+01 -1.731851493788237439e+00 -3.807497460701062542e-01 8.375810936720380628e-02 5.222012823250754554e-02 7.956655875954853074e-02 2.002250255854826300e+00 -8.169411681366206546e-01 -5.487974931251302646e-01 -9.592182592842418698e-02 7.178669567642680382e-01 -6.152471098472026556e-01 -1.479545239299873582e+00 -1.017635135071681241e+00 1.548465528940637381e-01 1.505780344226241407e+00 4.053842732563198714e-01 1.504675771410638740e-01 7.574437255089644383e-01 2.282295720667687267e+00 -1.262903150518410289e+00 1.698845142914156559e-01 -2.946980169125501536e-01 6.195922880908794061e-01 -1.248681398514973617e+00 1.939184841494642486e-01 4.197944601968670586e-01 -1.657241523370677871e+00 2.125487908942306436e+00 7.823947806807303174e-01 1.842534858467431480e+00 1.228361266178130462e+00 5.183903662516461397e-01 -1.111931786387023058e+00 -1.246036478771968659e+00 -2.066569816735203791e+00 -1.264640617852024640e+00 4.619922313226810795e-01 -8.940398237363662570e-01 1.377255079113796077e+00 1.183147916193623139e+00 -4.013262063493244769e-02 1.510547756557608090e-01 1.033547858699105815e+00 -4.432564041843310432e-01 -1.417578010531717281e+00 7.461511205203066321e-01 -1.284038513737140397e+00 -1.742816730010269044e+00 -6.967178093251521487e-01 5.165241818481112190e+00 -4.607354404572167050e-01 9.800043715197209737e-01 6.695245016159792062e-01 -3.097882725675267235e-01 3.913957694911700536e-01 -4.949321784174656735e-01 -4.792890350782059272e+00 -1.058927095309456234e+01 -3.726244216850913005e-01 -1.050442381241472489e+00 -9.881351308334238581e-01 3.573630280189357133e-01 -3.273084992457800935e-01 -1.543259435270658564e+00 1.320030333798575040e+00 4.961235291191352093e-01 -1.678372061050395603e+00 9.291086506521698540e-01 2.126023743806219612e-01 3.715954214699069280e-01 -5.295527786710645390e-01 3.270640679543650869e-02 8.826423021440713557e-01
-5.605004439991457810e-01 2.035638228721650123e+00 4.224976628955819935e-01 -5.783883407612984140e-01 -1.255789863968190145e+00 1.086697784095937092e+00 4.663791165752637191e+00 2.732600298789879201e+00 -1.704644181966182614e+00 1.078651307599618747e-01 6.973593136117733904e-02 -1.627800650161431051e+00 8.059990058657191536e-01 -1.322241169705407282e+00 -5.008969055955345695e-01 -3.877449966480715382e+00 -1.038852947705748209e+00 -1.128520349038554915e+00 1.214353347491823332e+00 -9.782521821280458496e-02 -1.059052739812950339e+00 -3.342053492227436973e-01 1.663807186204264266e+00 -1.054583783877514058e+00 -3.798140378259637351e-01 1.896925328393073595e+00 -7.877636876983415526e+00 -4.556692262847958363e-01 -1.371511337097259364e+00 2.243296114584066192e+00 1.371001176973734914e+00 -6.042502354146734866e-01 2.906226504700936131e-01 3.952793539100440401e-01 6.309723656028512484e-02 1.126818834232415023e+00 1.094979008899857886e+00 -7.102178535179954899e-01 1.087149268265155122e+00 1.691909510500932967e+00 -1.029531437525438520e+00 3.506185084531154850e-02 -3.034220867882276851e-01 8.088593255941279869e-01 -8.948844618327608247e-01 2.072940732369345229e-01 5.877124053440208051e-01 -4.704405566723528498e-01 -5.669428312414814819e-01 -9.700343145402990919e-01 4.954908743660920711e-01 2.124573177582806505e+00 -8.503526182787283227e-01 -7.767594590231561291e-01 4.265293439518732299e+00 -5.011537656770240212e-02 4.813939812206164959e-01 -1.045700273423807669e+00 -1.023425309156649421e+00 -3.389992486064730137e-01 6.470021758449794325e-01 1.153802067400746395e-01 -1.073847852487963411e-01 1.088440632104637484e-01 3.602397156661876210e-01 1.009828344118814503e+00 1.035538292404040606e+00 1.842160829001586730e+00 -8.303653512522706226e-01 -1.616237337310512112e+00 -7.952230668399851155e-01 -4.703466543814683321e-01 5.223222021270569337e-01 -1.249216723338997470e+00 -1.934051597783016163e+00 6.676329954790510834e-01 -2.437050733478073106e+00 -2.042922236981885575e+00 2.157877050540390584e+00 -2.176407134041222491e-01 -1.472333946964427334e-02 -2.287150377479522323e+00 -2.301372749896832270e-02 2.101784632118705698e+00 9.011186154814426530e+00 -1.286838288439690059e+00 -3.047555693225512674e-01 4.296489146460218123e-02 3.072586880233307838e+00 -1.249308778310216361e+00 1.479940416161910910e-01 8.746858306998391841e-01 -3.066576096004747232e-01 1.364920803721840992e+00 2.469516143562210109e-01 -1.358082874969451570e+00 -1.584568214599102687e+00 -1.398268381791143211e+00 -2.294265892708014232e-01 -3.088165945894227327e-01
4.439591486099633499e+00 -7.787140057687502726e-01 6.991012628925519223e-01 8.038136883488027351e-01 2.745716363364830159e-01 -3.077365878248294329e-01 -3.054370899996536881e-01 7.658296286918602203e-01 1.929352454570341935e-01 -4.497769709802244553e-01 2.622610736060076997e-01 -3.733547552030877625e+00 -1.782524506349935534e+00 7.064858080810463292e-01 1.489330939855253000e+00 -5.377010778061647178e-01 -7.334688353236611391e-01 -1.615450744834384444e+00 -1.176766881877221671e+00 4.214703640349318214e-02 -4.056402124618298521e-01 1.400961789857337880e+00 -1.462966113109842869e-01 -6.306391470498222684e-01 4.503731429845043155e-01 -4.583211035751453277e-01 1.385740112611880548e+01 1.063537830313137533e+00 -4.133334848307073095e-01 -1.240055613439830928e+01 -2.614245988836991219e-02 9.801317046598081451e-01 2.880749227298295967e-01 1.186718234519354542e+00 -9.713330375829706820e-02 -9.217695200563648106e-01 -1.072245532283800484e+00 -1.068742090790539168e+00 3.842401370286413487e-01 -4.534097577549238145e-01 -1.266692491439755652e-01 -8.168166450196682193e-01 -1.888636590532003501e-01 2.561937819378251380e+00 -2.362506695722428773e+00 -4.217345384646943862e-01 -3.902248253824638913e-01 1.280094682262527428e+00 1.488278841094738514e+00 -1.152171410376673144e+00 -5.638541668616620095e-01 9.609914281081727294e-01 1.139274081674036321e+00 3.118378231023391511e-01 3.158504099387204889e+00 -1.769458717454020613e+00 1.783537513113439832e-01 -3.447208380837553099e-01 1.173861554831475695e+00 -6.349033064184198549e-01 -7.215187102124200891e-01 1.165905486219827303e+01 2.020772265166095316e+00 1.153692812335179285e+00 -1.604777413183149148e+00 2.585067819163274994e+00 2.752529525383500264e-01 -5.975380143881379169e-01 9.065261842885435906e-01 2.569445374484734534e-01 8.196046576116151616e-01 5.281567276708659664e-01 1.709185602093900580e-01 -5.888699464301326847e-01 -5.173546634611749795e-01 -1.311770921596971284e+00 -1.175348986596042344e+01 -1.480667237835546102e+00 2.118349062642372882e-01 -5.405290678033870533e-01 1.161516305303694763e+00 6.091533185835076303e-01 -9.994802481385723913e-01 8.857112125019330762e+00 -1.532746570870530256e+01 5.996890588257954846e-01 1.293454067551248476e+00 -1.982454117788355896e+00 1.563520712551727421e+00 1.830823992828449986e+00 -1.028733573596212203e+00 -1.041808612846239823e+00 -1.520483725383706242e+00 -1.234297482491571119e+00 5.057711588297451044e-01 6.095084123058422954e-01 -4.952370802242878622e-01 4.969298276091601574e-01 -7.052634520646078320e-01 1.089217537483973652e+00
