# 
#                 ----------------------------------------------------
#                 Data from a 3D direct N-body simulation. 
# 
#                 rows are i-particle; 
#                 coumns are :mass, tag, x ,y, z, vx, vy, vz, ax, ay, az
# 
#                 NTHU, Computational Physics 
# 
#                 ----------------------------------------------------
#                 Time = 0.0
0.000000000000000000e+00 1.000000000000000000e+00 2.000000000000000000e+00 3.000000000000000000e+00 4.000000000000000000e+00 5.000000000000000000e+00 6.000000000000000000e+00 7.000000000000000000e+00 8.000000000000000000e+00 9.000000000000000000e+00 1.000000000000000000e+01 1.100000000000000000e+01 1.200000000000000000e+01 1.300000000000000000e+01 1.400000000000000000e+01 1.500000000000000000e+01 1.600000000000000000e+01 1.700000000000000000e+01 1.800000000000000000e+01 1.900000000000000000e+01 2.000000000000000000e+01 2.100000000000000000e+01 2.200000000000000000e+01 2.300000000000000000e+01 2.400000000000000000e+01 2.500000000000000000e+01 2.600000000000000000e+01 2.700000000000000000e+01 2.800000000000000000e+01 2.900000000000000000e+01 3.000000000000000000e+01 3.100000000000000000e+01 3.200000000000000000e+01 3.300000000000000000e+01 3.400000000000000000e+01 3.500000000000000000e+01 3.600000000000000000e+01 3.700000000000000000e+01 3.800000000000000000e+01 3.900000000000000000e+01 4.000000000000000000e+01 4.100000000000000000e+01 4.200000000000000000e+01 4.300000000000000000e+01 4.400000000000000000e+01 4.500000000000000000e+01 4.600000000000000000e+01 4.700000000000000000e+01 4.800000000000000000e+01 4.900000000000000000e+01 5.000000000000000000e+01 5.100000000000000000e+01 5.200000000000000000e+01 5.300000000000000000e+01 5.400000000000000000e+01 5.500000000000000000e+01 5.600000000000000000e+01 5.700000000000000000e+01 5.800000000000000000e+01 5.900000000000000000e+01 6.000000000000000000e+01 6.100000000000000000e+01 6.200000000000000000e+01 6.300000000000000000e+01 6.400000000000000000e+01 6.500000000000000000e+01 6.600000000000000000e+01 6.700000000000000000e+01 6.800000000000000000e+01 6.900000000000000000e+01 7.000000000000000000e+01 7.100000000000000000e+01 7.200000000000000000e+01 7.300000000000000000e+01 7.400000000000000000e+01 7.500000000000000000e+01 7.600000000000000000e+01 7.700000000000000000e+01 7.800000000000000000e+01 7.900000000000000000e+01 8.000000000000000000e+01 8.100000000000000000e+01 8.200000000000000000e+01 8.300000000000000000e+01 8.400000000000000000e+01 8.500000000000000000e+01 8.600000000000000000e+01 8.700000000000000000e+01 8.800000000000000000e+01 8.900000000000000000e+01 9.000000000000000000e+01 9.100000000000000000e+01 9.200000000000000000e+01 9.300000000000000000e+01 9.400000000000000000e+01 9.500000000000000000e+01 9.600000000000000000e+01 9.700000000000000000e+01 9.800000000000000000e+01 9.900000000000000000e+01
1.000000000000000056e-01 1.000000000000000056e-01 1.000000000000000056e-01 1.000000000000000056e-01 1.000000000000000056e-01 1.000000000000000056e-01 1.000000000000000056e-01 1.000000000000000056e-01 1.000000000000000056e-01 1.000000000000000056e-01 1.000000000000000056e-01 1.000000000000000056e-01 1.000000000000000056e-01 1.000000000000000056e-01 1.000000000000000056e-01 1.000000000000000056e-01 1.000000000000000056e-01 1.000000000000000056e-01 1.000000000000000056e-01 1.000000000000000056e-01 1.000000000000000056e-01 1.000000000000000056e-01 1.000000000000000056e-01 1.000000000000000056e-01 1.000000000000000056e-01 1.000000000000000056e-01 1.000000000000000056e-01 1.000000000000000056e-01 1.000000000000000056e-01 1.000000000000000056e-01 1.000000000000000056e-01 1.000000000000000056e-01 1.000000000000000056e-01 1.000000000000000056e-01 1.000000000000000056e-01 1.000000000000000056e-01 1.000000000000000056e-01 1.000000000000000056e-01 1.000000000000000056e-01 1.000000000000000056e-01 1.000000000000000056e-01 1.000000000000000056e-01 1.000000000000000056e-01 1.000000000000000056e-01 1.000000000000000056e-01 1.000000000000000056e-01 1.000000000000000056e-01 1.000000000000000056e-01 1.000000000000000056e-01 1.000000000000000056e-01 1.000000000000000056e-01 1.000000000000000056e-01 1.000000000000000056e-01 1.000000000000000056e-01 1.000000000000000056e-01 1.000000000000000056e-01 1.000000000000000056e-01 1.000000000000000056e-01 1.000000000000000056e-01 1.000000000000000056e-01 1.000000000000000056e-01 1.000000000000000056e-01 1.000000000000000056e-01 1.000000000000000056e-01 1.000000000000000056e-01 1.000000000000000056e-01 1.000000000000000056e-01 1.000000000000000056e-01 1.000000000000000056e-01 1.000000000000000056e-01 1.000000000000000056e-01 1.000000000000000056e-01 1.000000000000000056e-01 1.000000000000000056e-01 1.000000000000000056e-01 1.000000000000000056e-01 1.000000000000000056e-01 1.000000000000000056e-01 1.000000000000000056e-01 1.000000000000000056e-01 1.000000000000000056e-01 1.000000000000000056e-01 1.000000000000000056e-01 1.000000000000000056e-01 1.000000000000000056e-01 1.000000000000000056e-01 1.000000000000000056e-01 1.000000000000000056e-01 1.000000000000000056e-01 1.000000000000000056e-01 1.000000000000000056e-01 1.000000000000000056e-01 1.000000000000000056e-01 1.000000000000000056e-01 1.000000000000000056e-01 1.000000000000000056e-01 1.000000000000000056e-01 1.000000000000000056e-01 1.000000000000000056e-01 1.000000000000000056e-01
6.232311717177004828e-01 1.139334980318632340e+00 -4.124976879305661259e-01 -2.501557276569792432e+00 -1.269425739261079489e+00 -8.357810134498744326e-02 1.822416857818089708e+00 6.378201137320288483e-01 -8.683480399508898273e-01 -4.536252017236392930e-01 -7.608002564873025397e-01 1.750176513658442623e+00 1.032754389099990178e+00 3.193394805726602614e-01 -5.780744062121421223e-01 8.296923519501614788e-03 1.268874620080682469e-01 9.450574178394843816e-01 5.117921852131536165e-01 5.948275617496520118e-01 -1.363089718607872980e+00 9.465259728740057499e-01 4.039204628077645576e-01 1.896689809360472267e+00 -2.323059781964711412e+00 -8.937206601474179113e-01 -3.488696922984607429e+00 7.624601230607487290e-01 1.462572783710855417e-01 1.306537937163337881e-01 9.645145232623524301e-01 -2.416407702958980330e-01 8.342450188787036147e-01 7.419917277269897360e-01 3.193371784483022835e-01 -8.369845343585862185e-01 -1.119873316674415031e+00 -9.509749809836260948e-01 1.746173824800648644e+00 -1.992367509204627518e-01 1.884192072374302196e+00 -1.669008017505445862e-01 8.167513314308979533e-01 -5.139021040496537518e-01 -7.744591493796681991e-01 -2.318520313722737813e-01 1.080063449484418812e-02 2.173011627141271607e+00 6.793116837495986049e-01 -9.517179345570696558e-01 4.915113461433313624e-01 2.822889014312875422e-01 -2.181231572440086364e+00 -2.986044327081172622e-01 1.916388344188141524e+00 -1.609681192312901299e+00 -2.036084352885032978e+00 -5.432131613068514886e-01 -4.632775261101699238e-01 -4.100600799456541878e-01 -7.514011056261749033e-02 -9.905933093356407149e-01 3.490625223819324163e-01 1.361597695504884964e+00 -2.741328781786634305e+00 4.942689329277325516e-01 -8.330824028467919140e-01 -1.034409940405151662e+00 8.934054140543286060e-01 -8.221486177075267854e-01 1.996121288801606386e-01 -1.143103509418801567e+00 -2.420522384791928605e+00 -8.478486676774261710e-01 5.030261466698859874e-01 -4.307528763708184938e-01 1.461022469270131241e-01 -1.176581884058808675e-01 -1.185631742479589468e+00 1.091485649231069277e-01 4.710097899611787597e-01 7.677036512029292714e-01 1.915185675836469592e+00 -1.888013970197484070e+00 -1.090899281439579038e-01 -1.714840961877223402e-01 -5.361402766829113098e-01 2.225114368081625993e-01 1.994020163903269804e-01 -2.451580892023753344e-01 -2.033360115555972458e-01 -5.518822767603712709e-01 -7.097399199626443222e-02 3.260569814135302891e-01 -4.431724328672140834e-01 -3.624462081186894946e-01 -2.606280120376350817e-01 -4.623311765930368522e-01 -7.025643292916092797e-01 1.580124978934527302e+00
-1.750824829246572456e+00 -6.296734510707451271e-01 4.327295565719318365e-02 -8.807612535564037781e-01 1.619084859338472404e-02 1.034161153585687387e+00 -1.378446080738019663e+00 1.184834245715277040e-01 -2.748625874963407378e-01 -3.760631629734287884e-01 1.887034866740507077e-01 6.096623530082585785e-02 5.468399585994858647e-01 1.145631456639647716e+00 1.541677030838244644e-01 1.100031248658497329e+00 3.815440848593226741e-01 -1.368689504090461861e+00 4.346297398164799541e-01 6.086844886587426950e-01 1.957754204135454978e+00 -1.089737672502547605e+00 -1.972692941346173789e+00 -2.539792499740193832e-01 2.556940152791930543e-01 1.415515428152515520e+00 3.254773949318264803e-01 5.791100940715231821e-02 2.567632163200241013e+00 2.507780666701055483e-01 2.551680935507222081e+00 1.215241671791682077e+00 4.694444050923085587e-01 -1.105092297016052161e+00 1.750362838912690178e-01 -3.699426608007588269e-01 -1.375439261156165965e-02 2.361020779467645769e-01 -5.372926580446859557e-01 -7.280571444986935759e-02 2.144858455107851558e+00 -3.056076111231981196e-01 1.295127907595052363e+00 9.738597961343639087e-01 1.818641679484548149e-02 1.604542854782282646e+00 -3.147198381086454416e-02 8.440020388788034289e-01 7.801563343680135709e-01 -1.200492492472071682e+00 1.963869293738291333e+00 1.461191280865023145e+00 3.971497509168290911e-03 1.674015747312337377e+00 -1.771622079165713903e-01 -2.384490613590882491e-01 -9.925818060477855642e-01 1.158532246029261303e+00 -1.257315483972973047e-01 -1.872494500920385829e-01 -6.723715441990939512e-01 1.084271572654693927e-01 1.810947878896216334e+00 1.364879935733946725e+00 -7.599535434340763951e-01 9.226562338732072766e-01 8.862942044520892848e-01 1.261049708841669725e-01 1.249078029203543494e+00 -1.015819725932438855e+00 -1.735766461567624930e+00 1.904353301173237201e-01 2.467723123447567724e-01 4.420199441507127180e-01 -1.297696929821167133e+00 -3.208356232657995299e+00 1.794498779204955208e-01 -8.563433482833915367e-01 5.522960788196238369e-01 2.044950209888883652e+00 -1.149815087653760157e-02 6.251214715346553596e-01 5.024094464534152316e-01 3.710442038762316042e-01 4.203417512578886406e-01 -2.390809499659245219e-01 1.494439456567363100e+00 1.163039177543220143e-01 3.397639123872768230e-01 1.173996962525313714e+00 -5.292015491541232075e-01 -1.950925780936876505e-02 1.767377378195550630e+00 1.905406691977811873e+00 -2.527154887484495127e-01 -1.706250102341885233e+00 -5.579339848911596400e-01 9.263364320048853573e-01 1.695043879546631382e+00 1.399577261450568044e-01
1.925190786131312504e-01 5.186465132003043044e-01 6.799808350502444254e-01 -6.689526018621597681e-01 -7.040066998541004706e-01 8.768686807070666944e-01 -1.079653199110464978e+00 6.886539870529466700e-01 -1.474136663201644382e+00 -1.641806275097998036e+00 -1.051540247571485093e-01 1.902619342181159245e+00 5.507165231787762849e-01 8.736251088639801488e-02 -4.828961160809590314e-02 3.503267019155881234e-01 1.378325230936847667e+00 -6.539882347715577637e-01 -2.615245977691311730e-01 2.026488836664168236e+00 1.825268436772192082e+00 -1.350306144401385744e+00 2.064639124510790680e+00 -1.610575641441965578e-01 -8.474813919684462959e-01 -1.177223635280554515e+00 -6.666851838781528983e-02 1.345422687751960833e+00 -1.457153647233892235e-01 -7.045521465803118444e-01 1.465610742848332704e+00 -3.427767845710610883e-01 1.444862484185742035e+00 7.242296766748843595e-01 7.787789270208262948e-01 1.664687839782958312e+00 -2.425414800011017613e-01 1.198482791991297924e+00 7.373225316523963624e-01 -3.513394999833244770e-01 -3.931974182094161718e-01 3.054407835205459332e-01 -3.119258700683932295e-01 -3.636774505253916323e-01 -1.126668790753703853e+00 -6.193929272490238391e-01 2.237888312500114496e-01 4.339870105618569007e-01 -4.110691019347853525e-01 8.011808328234488741e-01 -2.517746181959615304e-01 2.009744699003680690e+00 -2.359920859212867039e-01 -1.433318971388478191e+00 3.134199815253452259e-02 -3.982148701461496465e-01 -9.266613885815975227e-01 -1.043749544577054822e+00 -2.334424839236929616e-01 4.082900587814827231e-01 1.252342704291026676e+00 -8.322218762997917185e-01 -8.471203972402057136e-01 2.431696155106715551e+00 -2.146023037839652758e+00 8.575567956009169657e-02 1.004421496076147502e+00 4.439191744041934284e-02 -6.509953034535088667e-01 -2.208592596994513713e+00 -4.831062828925616892e-01 -9.887325803805165070e-02 -9.934134474380924562e-01 5.112598717851637442e-01 -5.677017321557417118e-01 9.811539551268801118e-02 -7.333383242738523711e-01 3.914871144028535532e-01 -2.433862568083439815e+00 -2.002394157912548156e+00 -1.103270048554758631e+00 -8.115480709524507119e-02 -1.769836074278424931e+00 -4.733070285298718871e-01 4.710941175738387887e-01 -9.057108739455575763e-02 1.162915224045185436e+00 -9.367434865048839265e-01 1.186659682772951196e+00 -2.280644459304334848e-01 -1.346388861332691589e-01 2.601277651353234854e-01 -1.264350537199186109e+00 1.174395288689606270e-01 -1.197523979005719053e-01 -6.332252381177166933e-01 1.380440652789240774e+00 1.748018340072264198e+00 -1.236039898661454028e+00 2.234318152239738176e+00
1.902556982652632067e+00 -1.670304845618472145e-01 3.938861436375933889e-01 4.817869412568985821e-01 -3.557140598113636698e-01 -1.137721936042257687e+00 3.882942746321971783e-01 -6.415688179922790502e-01 -1.664404367821278319e+00 1.115629376066258782e+00 -2.656762787550656993e-02 -4.039223594093868108e-01 9.505245142590661445e-01 7.192626587594922460e-01 3.957934852886470511e-01 -8.387216613232698625e-01 6.875812330317349064e-01 -2.477674577449396898e-01 -7.621959387441339384e-01 -1.286883398651189614e+00 5.372411774196880208e-01 1.664938823343641017e-01 -1.588420310108550337e+00 3.621266900468954608e-01 -5.413553595972496746e-01 -1.017280807605007276e+00 -1.249525639241631625e+00 -8.869724261563599610e-01 -4.210541929814740070e-01 8.238583805877114363e-01 5.735131498641559133e-01 -1.177959015377462171e+00 8.813514112975101567e-01 2.150170337374749108e-01 2.377433162308134396e+00 1.925427173596504282e+00 9.118439267974296492e-01 1.291789890791458895e+00 2.610989703780037807e-01 8.955430841566358602e-01 -9.976125724164449649e-01 4.378591089801485703e-01 -4.111348164927464688e-01 9.092571687330529562e-01 1.578752683980729987e+00 8.383107037904408143e-01 -1.393873367321224688e+00 5.774634370191153998e-01 2.950407894342291781e-01 -1.072402646483918920e+00 -4.303807155370776294e-01 -1.663248763380685835e-01 5.556981607982955929e-01 3.749666303193545380e-02 -7.451688895034782600e-01 1.970395601503869276e+00 -9.348217562100542555e-01 -1.322762781080799144e+00 7.916714701983870173e-01 -7.075558029376296520e-01 9.448383535975847514e-02 1.226226501152837711e+00 -4.934902521246828933e-01 -5.400320293847989950e-01 1.933444441431269312e-01 -1.947135447544744991e-01 6.779184898706783757e-01 1.626804835041792074e+00 9.298248464210980835e-01 -3.947751509583699026e-01 -2.871157700139987501e+00 -2.216695629899790632e+00 -9.498408086065507350e-01 -3.152395575679422191e+00 -8.524514660687859680e-01 7.093133598086699410e-01 8.990392244017361145e-01 -2.191914225610750722e-01 -3.569440927908846817e+00 6.041368070507939780e-01 2.068248378569520485e-01 -1.291494444001071606e+00 7.028447887230500069e-01 -1.492027579508861335e+00 1.506409277084046039e+00 -1.680066463739283256e+00 1.393900780793892125e+00 -1.455059311166367886e+00 1.165362858632353671e+00 2.093057074482018720e+00 4.462559180297350214e-01 2.563459111709962990e+00 1.867881901282025581e+00 -1.714988555143449167e+00 -5.077904069927062780e-01 2.106736092089282142e+00 1.286017151578654483e-01 1.106510256782565982e+00 -1.566145022216326455e-01 3.956256417178445339e-01
-7.658239467407345069e-01 -1.178791620592114731e+00 -1.353885002915851343e+00 -1.312811882956975706e+00 -1.598748826193738537e-01 2.364117377723475855e-01 7.531367415820003353e-02 6.539092716871791611e-01 4.376376806475393844e-01 -9.815571748153822940e-02 -7.914094172523631343e-01 6.977934814218093029e-01 1.030345210592217509e+00 -1.514498555489920184e+00 5.664680489517839312e-01 -1.604346395582135543e+00 7.766688342342231710e-01 -4.950328703720749957e-01 1.500535935611412741e+00 6.881103450845366121e-01 1.203299250876031179e+00 -1.040278332253233406e+00 -2.230659363534081008e-01 8.808294838456474096e-01 -4.195248194043033063e-01 -5.342321914046187503e-01 -3.727984911578915983e-01 1.378276818668501269e-01 9.842403187995505398e-01 1.024130677360847841e+00 8.849837695263922388e-01 -1.871419536610325451e+00 3.127643058518280172e-01 -9.298145002724692576e-01 8.569962270012624339e-01 1.814443498684309430e+00 1.462224315862059809e+00 -3.640745443889449318e-01 1.949013232424165132e+00 6.839600186036813856e-01 -9.701499022010451334e-02 -3.337707651327727620e-01 1.416891054316574472e+00 1.000072565853675766e+00 1.658361093712469536e+00 -6.550909974988259332e-01 1.364229866088147114e+00 -3.298957864056552003e-01 -2.220123259794656856e-01 1.935211393699758364e+00 -1.973922516085288917e-02 6.245042019845247205e-01 -4.386293419240683833e-01 1.450099470208197516e+00 8.035265168823337856e-01 1.005531570719205708e-01 -1.206314613417620807e+00 1.277880124942711415e+00 6.100310839280786990e-01 5.885446525158384290e-01 1.876418352084318730e+00 -2.127617381185164191e+00 9.709176000568335851e-01 9.347520875559760523e-01 -1.940341706744920791e-01 -8.921973934623528280e-01 2.632928256714214266e-01 3.874767576226066934e-01 -7.793637454446523671e-01 -1.921994966741911615e+00 5.446610396559086187e-01 8.104450380364844886e-01 7.525810894401846474e-02 8.061982162731292645e-01 1.388876547906386261e+00 1.182389028770283179e+00 -6.248728932038485340e-01 -7.810404617593276200e-01 7.507523430832858224e+00 8.994604971136839211e-01 3.370285618355994273e-01 7.756573413441738563e-01 2.801873675039557865e-01 1.651793151798875536e+00 3.539388606516822855e-01 3.582335745000717053e-01 -2.994413433567183480e-01 5.372167656200515368e-02 -1.098996755749915621e+00 -1.320060602243388725e+00 -6.608647792285021749e-02 6.874389337411159762e-01 -1.716150357055033493e-01 6.933964605850830853e-01 1.468714386792694615e+00 -8.005615950903194999e+00 1.233060374944201509e+00 -9.397391941506144653e-01 -1.402084508903961746e+00 5.966396808851992528e-01
3.257916299385293368e-01 1.215970887310355630e+00 -3.015402649039014560e-01 -5.200842146411315259e-01 -3.114180502367961956e-01 -9.730825160160243292e-02 -1.858022245629059321e-01 6.975566404081279259e-01 -2.823682501915106835e-01 -1.348699116411455234e+00 5.536260067128508933e-01 -1.024104545722102522e+00 1.963703667677830556e+00 -1.045764983626001676e+00 -5.950789942016748713e-01 -1.206914344927746630e+00 9.169255735813811592e-01 1.060828114697313307e+00 7.808902021668981952e-01 8.540604130964171148e-01 1.297707209573139009e+00 1.729446103281398139e+00 -7.319573657000430847e-03 -1.097894344765874886e+00 -1.269769796278084506e+00 -6.542222619990935017e-01 -4.041327547351013516e-01 3.995601220741192838e-01 2.403904635300194048e+00 8.587651972521868071e-01 4.337862656932504057e-01 3.560305834612614295e-01 5.424972096224529583e-01 1.274226823816946574e-01 5.021254154289274407e-02 -1.407813992306777007e-01 -6.940086499524388275e-01 -1.904551057983977225e-01 5.033268327095218320e-01 -1.143122942458716373e+00 -6.083164488218345545e-02 -1.886577756252095117e+00 1.200448886480805166e+00 7.046453332436289907e-01 5.913399934096057464e-01 -4.160455238841355152e-01 1.027600286976806609e+00 1.067109214331140310e-01 4.904156108953032223e-01 5.999828938946048795e-02 4.657383793777580827e-01 -1.261066650936633893e-01 -6.254487285686093356e-01 -3.035440601903483526e-01 1.248623675464318294e+00 -1.126478414765800684e+00 -9.069666495530039896e-01 -1.959321672289882299e+00 -6.707650228102979284e-01 -1.451779889711009908e+00 7.682969588126857818e-01 -2.967914348077294040e-01 1.001343361943655363e+00 1.052286053013089751e+00 -8.986138783352033421e-01 7.663077781321084858e-01 3.501423912185031573e-01 -5.984614581736980021e-01 -1.027832686917166116e+00 1.064710212559221159e+00 -3.176497578277110989e-01 2.687352903000606585e-01 7.140407632654913184e-02 3.735076791166461185e-01 -9.304256665448717989e-01 1.381260742135801724e-02 -1.625130949762596533e+00 -8.491791917686527524e-01 -6.421129894746433919e+00 -1.054628608283898483e-01 2.395371595490706440e+00 6.066146152489370058e-01 1.035530703139085684e+00 -3.582567085187624012e-01 -4.655631323428883750e-01 3.446020342976522377e-01 -5.047253229138335406e-01 -1.359142063519132915e+00 2.503091227629830051e+00 1.045232565035872252e+00 1.427067607013777328e+00 -7.049651527775846471e-02 9.713767611598724816e-01 1.020867290162756458e+00 4.850276240216644386e-02 5.967090683386509831e+00 -1.645638973518705805e+00 -1.424477243347865629e+00 4.458388586689872590e-01 8.163998631044375176e-02
-4.922144378950705224e-01 -1.117824455449850873e+00 7.622456201375534812e-01 1.249487224010480402e+00 2.199298642395829173e+00 2.388296151672507361e-02 -8.644104886407756316e-01 -2.101711579169293742e+00 9.202732144145875370e-01 -3.620680197621462537e-01 2.726185351536589252e+00 -1.203053136733885253e+00 -1.863739114744936254e+00 -3.043876917233863111e-01 -1.320630248020830066e+00 3.749246636940416488e-01 8.195588408038505523e-01 -1.178963034679392674e+00 -9.979048697230866738e-01 -3.435031697888283331e-01 5.631479393837035552e-01 -6.138358935401639904e-01 -1.208231719109294361e-01 -1.073860166382518910e+00 -3.009436855616370865e-01 1.858894578598206948e+00 8.747500306148149329e-01 -1.142763250637029104e+00 4.226847785414045849e-02 2.906173539802442640e+00 -3.506249227147794079e-01 -1.107874435604613433e-01 -1.284712501669811546e+00 -6.834308290815689357e-01 -4.471916199184833296e-01 9.250782386516333000e-01 2.238925604368590783e+00 1.410443999838433493e+00 -1.334967175864017142e+00 -1.568052756931263891e+00 -8.499708218621234712e-01 -1.343280486195980172e+00 -1.549147684423675120e+00 1.909254378644553940e+00 1.531871510599585873e-01 3.754522183787791789e-01 -2.276584140574412274e+00 -1.215967350385261936e+00 -1.541956903858781702e+00 8.474044239993591132e-01 -9.237647004205643553e-01 -1.330614978541670712e-01 1.755118442907164455e+00 5.080077341569494420e-01 -1.562188536933486027e+00 1.827708934270915853e+00 6.158902440790008370e-01 4.000317484437795890e-01 1.993698994020950632e+00 1.044480771731253643e+00 -1.137503521586227029e+00 6.444754416869772351e-01 -8.006191899393269029e-01 -5.211563874784110872e-01 5.807996746137372712e-01 -1.603390051710814834e+00 1.288613833250028096e+00 1.607106640768472872e+00 -1.689623064774378847e+00 2.177530134821091534e-01 -8.994622565711404838e-02 4.355620824640536348e+00 3.063057815337397738e+00 1.784896777052523920e+00 -2.704338079162028063e-01 9.415811061408485561e-02 -3.263092436300050192e+00 -1.607062977730423781e-01 3.896045919931332979e-01 -2.603177178874457320e-01 -1.927486331135474629e+00 -2.546763279012769221e+00 -7.526752265887460824e-01 1.350744371930480137e+00 -2.137210455429345568e-01 -2.648386800904421801e+00 5.776443063699115976e-01 -1.196230505928502552e+00 -8.338523220411390158e-01 3.972611349797858238e-01 -6.523134615634804678e-01 2.042749317080704952e+00 -1.036495329632862950e+00 -1.967784480390005197e-01 1.871396134292849567e+00 5.299997092168277080e-01 1.253667742830300691e+00 5.347909793794624056e-01 9.116776395745053163e-01 -4.419747903831757752e-01
1.381289823085400936e+00 8.541430937228914333e-01 -2.410735038660291249e-02 6.499816693125745060e-01 4.547220452377432331e-01 -1.370093937539408557e+00 5.999921395066362129e-01 6.209241177638604725e-01 7.527022382763780550e-01 7.286120717124898727e-01 -1.768367571350881517e+00 2.889880467667364505e-01 -4.859581938042887295e-01 -2.307765619687590863e+00 -1.361677115754482470e+00 -1.524407969282326691e+00 -6.555645012931913262e-01 1.045499464023728509e+00 7.472981131706174507e-01 -2.798553960915693972e-01 -6.465614017535769031e-01 6.226384220353045063e-01 6.760647857391183235e-01 1.132396039423657186e+00 -4.038944721893376610e-01 -4.418317948275888862e-01 -7.929594865070965781e-02 9.461947603682103747e-01 -1.699504774384525296e+00 -1.537632781459586795e+01 -8.169799754573903172e-01 -3.782765111092907251e+00 -7.428010755683027710e-01 1.324304558370663409e+00 2.416106316071556792e-01 5.659095677502693489e-01 2.208859418544965703e+00 4.772281618393930253e-02 5.903282161288426755e-01 -1.256614167401235160e-01 -7.147734993609902165e-01 2.776610159736276895e+00 -1.504010948266707892e+00 -4.053593121396911747e-01 1.459271544200254622e-01 -1.945335721713363331e+00 -2.073627679389909717e-01 -3.724325973434596260e-01 -7.150134033310475701e-01 1.327605353159851065e+00 -1.770029735547259842e+00 -8.463051627260980148e-01 3.077707438586768096e-01 -6.813623824266606954e-01 -6.092617642780129295e-01 1.223747360913232995e+00 9.487111220926135458e-01 -1.980141080188905778e-01 -8.920867275330995882e-01 2.122097032076648571e+00 1.937107993267338735e+00 -4.070643418708849159e-01 -1.440541690142546960e+00 -4.569556265989335730e-01 2.502497164125642160e-01 -3.705591063514306893e-01 -1.014663151668266261e+00 6.507463112512432701e-01 -8.996429811176291924e-01 6.535580336967098392e-01 1.577892460354183735e+00 -2.502706056458998241e+00 -3.375805328060983712e-02 -1.137870967492363050e+00 8.751217973564595631e-01 7.495388614093249080e-01 1.428511694243585239e+01 2.376786685138462918e+00 -1.566757468414524124e-01 -8.189417867938356688e-01 9.522548193695580254e-01 5.181426975713475380e-02 -7.391977074055518238e-02 -8.877819617990443390e-01 -1.177757460553245483e+00 1.368342289251008648e+00 -1.459334439800935801e+00 1.050674320877747148e+00 1.169916685313749372e-01 6.073390938863930666e-01 4.235945548403261540e+00 -9.955465673736166310e-02 -1.523463582368915326e+00 -1.660330316571383635e+00 4.574321564370530169e+00 1.298589488463660402e+00 4.135518521497922872e-01 -5.609389740218930775e-01 -1.923679698191331111e+00 2.315259105446574282e-03
-2.960224692315583939e-01 -2.536387814980674005e-01 -2.836200088626884774e+00 2.642722621993863485e-02 1.272871152562434993e+00 -1.380106674092739905e+00 4.638903851173751258e-01 -4.492894952068386405e-01 1.683146027383710219e+00 1.705203843770533245e+00 1.417244880827111642e+00 -2.326113815994172995e-01 -6.079128128153369337e-01 -3.320963999999070881e-01 -3.178798336649957812e-01 -1.123754965193582311e+00 -3.845239195019824141e+00 4.770234916333256914e-01 6.336978986477153075e-01 -1.642166681667891703e+00 -6.363274822583220303e-01 1.063311597288105093e+00 -6.132031613173311024e-01 2.412058057383972276e+00 -1.909087710796646187e+00 9.452549013372760767e-01 -1.110304445853609184e-01 -1.361376974196471190e+00 -5.121637165433803873e-02 -5.216885880083022009e+00 -4.603630726913828242e-01 6.454614371726851374e+00 -1.306191676520929823e+00 -6.918563833723601064e-01 -1.065652935961513448e+00 -1.521379882247527515e+00 1.583024625241859606e+00 -1.588355864007039431e+00 -5.635284595853435885e-01 2.939435068406544449e+00 1.648850527115081344e-01 -1.521779607167977888e+00 -1.736141375122789154e-01 6.740096081294663088e-01 1.963208402799758279e+00 5.619936128868953107e-01 -5.651774873169350677e-01 -1.732876042344095868e-01 1.697086136276780621e+00 -6.594395884360230164e-01 3.852400730193691891e-01 -1.095346632588333646e+00 -5.683591383466353175e-01 2.148229404192712355e+00 -1.899174550915435411e+00 1.445575253809241456e-01 5.694491498512391781e-01 1.217543307187854751e+00 3.865521087793597044e+00 -2.614876588668721968e+00 -6.701919760356668254e-01 1.605715312157437902e+00 9.480163024449911324e-01 -8.032124526120437702e-01 5.538517079036067159e-01 -7.060235943656796298e-01 -1.151372915117900408e+00 -3.530916770385727599e+00 1.770847982356948513e+00 1.017310893249195658e+00 2.927943217680774590e-01 9.008537463621415498e-01 3.360180452412866003e+00 -1.383944334572603907e+00 4.981266258665652535e-01 -3.880961495976731346e-02 5.903909432757191489e+00 -7.196702610827224733e-01 1.085796489845197055e+00 1.163469140230507071e+00 2.334068967021757590e+00 -4.476783402688579994e-01 6.975818844125132312e-01 1.526558757533745259e-01 -9.861153817878959282e-01 1.505916018544505852e-01 -9.476205067327306830e-01 3.999556040700628312e+00 7.390021020276535402e-02 -6.338045796414702338e+00 1.001334109393141603e+00 -1.351745604047051019e+00 7.266929509341061300e-01 -9.818715666504530537e-01 -1.136285753529547415e+00 5.001467175708127488e-01 -2.256261054123699594e+00 -1.588072073524255945e+00 9.981995082633088323e-01 -1.482258751945752628e+00
