# 
#                 ----------------------------------------------------
#                 Data from a 3D direct N-body simulation. 
# 
#                 rows are i-particle; 
#                 coumns are :mass, tag, x ,y, z, vx, vy, vz, ax, ay, az
# 
#                 NTHU, Computational Physics 
# 
#                 ----------------------------------------------------
#                 Time = 0.0
0.000000000000000000e+00 1.000000000000000000e+00 2.000000000000000000e+00 3.000000000000000000e+00 4.000000000000000000e+00 5.000000000000000000e+00 6.000000000000000000e+00 7.000000000000000000e+00 8.000000000000000000e+00 9.000000000000000000e+00 1.000000000000000000e+01 1.100000000000000000e+01 1.200000000000000000e+01 1.300000000000000000e+01 1.400000000000000000e+01 1.500000000000000000e+01 1.600000000000000000e+01 1.700000000000000000e+01 1.800000000000000000e+01 1.900000000000000000e+01 2.000000000000000000e+01 2.100000000000000000e+01 2.200000000000000000e+01 2.300000000000000000e+01 2.400000000000000000e+01 2.500000000000000000e+01 2.600000000000000000e+01 2.700000000000000000e+01 2.800000000000000000e+01 2.900000000000000000e+01 3.000000000000000000e+01 3.100000000000000000e+01 3.200000000000000000e+01 3.300000000000000000e+01 3.400000000000000000e+01 3.500000000000000000e+01 3.600000000000000000e+01 3.700000000000000000e+01 3.800000000000000000e+01 3.900000000000000000e+01 4.000000000000000000e+01 4.100000000000000000e+01 4.200000000000000000e+01 4.300000000000000000e+01 4.400000000000000000e+01 4.500000000000000000e+01 4.600000000000000000e+01 4.700000000000000000e+01 4.800000000000000000e+01 4.900000000000000000e+01 5.000000000000000000e+01 5.100000000000000000e+01 5.200000000000000000e+01 5.300000000000000000e+01 5.400000000000000000e+01 5.500000000000000000e+01 5.600000000000000000e+01 5.700000000000000000e+01 5.800000000000000000e+01 5.900000000000000000e+01 6.000000000000000000e+01 6.100000000000000000e+01 6.200000000000000000e+01 6.300000000000000000e+01 6.400000000000000000e+01 6.500000000000000000e+01 6.600000000000000000e+01 6.700000000000000000e+01 6.800000000000000000e+01 6.900000000000000000e+01 7.000000000000000000e+01 7.100000000000000000e+01 7.200000000000000000e+01 7.300000000000000000e+01 7.400000000000000000e+01 7.500000000000000000e+01 7.600000000000000000e+01 7.700000000000000000e+01 7.800000000000000000e+01 7.900000000000000000e+01 8.000000000000000000e+01 8.100000000000000000e+01 8.200000000000000000e+01 8.300000000000000000e+01 8.400000000000000000e+01 8.500000000000000000e+01 8.600000000000000000e+01 8.700000000000000000e+01 8.800000000000000000e+01 8.900000000000000000e+01 9.000000000000000000e+01 9.100000000000000000e+01 9.200000000000000000e+01 9.300000000000000000e+01 9.400000000000000000e+01 9.500000000000000000e+01 9.600000000000000000e+01 9.700000000000000000e+01 9.800000000000000000e+01 9.900000000000000000e+01
1.000000000000000056e-01 1.000000000000000056e-01 1.000000000000000056e-01 1.000000000000000056e-01 1.000000000000000056e-01 1.000000000000000056e-01 1.000000000000000056e-01 1.000000000000000056e-01 1.000000000000000056e-01 1.000000000000000056e-01 1.000000000000000056e-01 1.000000000000000056e-01 1.000000000000000056e-01 1.000000000000000056e-01 1.000000000000000056e-01 1.000000000000000056e-01 1.000000000000000056e-01 1.000000000000000056e-01 1.000000000000000056e-01 1.000000000000000056e-01 1.000000000000000056e-01 1.000000000000000056e-01 1.000000000000000056e-01 1.000000000000000056e-01 1.000000000000000056e-01 1.000000000000000056e-01 1.000000000000000056e-01 1.000000000000000056e-01 1.000000000000000056e-01 1.000000000000000056e-01 1.000000000000000056e-01 1.000000000000000056e-01 1.000000000000000056e-01 1.000000000000000056e-01 1.000000000000000056e-01 1.000000000000000056e-01 1.000000000000000056e-01 1.000000000000000056e-01 1.000000000000000056e-01 1.000000000000000056e-01 1.000000000000000056e-01 1.000000000000000056e-01 1.000000000000000056e-01 1.000000000000000056e-01 1.000000000000000056e-01 1.000000000000000056e-01 1.000000000000000056e-01 1.000000000000000056e-01 1.000000000000000056e-01 1.000000000000000056e-01 1.000000000000000056e-01 1.000000000000000056e-01 1.000000000000000056e-01 1.000000000000000056e-01 1.000000000000000056e-01 1.000000000000000056e-01 1.000000000000000056e-01 1.000000000000000056e-01 1.000000000000000056e-01 1.000000000000000056e-01 1.000000000000000056e-01 1.000000000000000056e-01 1.000000000000000056e-01 1.000000000000000056e-01 1.000000000000000056e-01 1.000000000000000056e-01 1.000000000000000056e-01 1.000000000000000056e-01 1.000000000000000056e-01 1.000000000000000056e-01 1.000000000000000056e-01 1.000000000000000056e-01 1.000000000000000056e-01 1.000000000000000056e-01 1.000000000000000056e-01 1.000000000000000056e-01 1.000000000000000056e-01 1.000000000000000056e-01 1.000000000000000056e-01 1.000000000000000056e-01 1.000000000000000056e-01 1.000000000000000056e-01 1.000000000000000056e-01 1.000000000000000056e-01 1.000000000000000056e-01 1.000000000000000056e-01 1.000000000000000056e-01 1.000000000000000056e-01 1.000000000000000056e-01 1.000000000000000056e-01 1.000000000000000056e-01 1.000000000000000056e-01 1.000000000000000056e-01 1.000000000000000056e-01 1.000000000000000056e-01 1.000000000000000056e-01 1.000000000000000056e-01 1.000000000000000056e-01 1.000000000000000056e-01 1.000000000000000056e-01
2.345890613086367982e-01 -1.647888435480845126e-01 2.473912647806534526e+00 -1.371546923433681453e+00 -5.091649623995289087e-01 4.797277089367993907e-01 -8.273717140494332711e-02 9.767356084889712575e-02 8.265907597831148035e-01 -2.150983900018222261e+00 -1.950311471962046017e+00 7.295195867821320512e-02 1.041623384799374441e-01 1.069244491856067958e+00 -4.023746509372798097e-01 -7.269838425329698539e-02 4.550538123176299243e-01 3.084940314383942672e-01 2.633213884946438155e-01 2.075988716246766952e+00 1.167298354961427753e+00 -7.111984030515033917e-01 -1.201492812286723000e+00 9.896119402868965853e-01 -1.326276611324353150e+00 -1.227532482868900710e+00 -6.063373381223753356e-01 1.452307856030864652e+00 2.000612501220061235e-01 1.101289040608878445e+00 -2.681799243299232693e-01 -3.912861921391431186e-01 -8.572348563150506973e-01 8.038121945697100923e-01 2.305029054400127564e-01 6.396139419352178113e-01 -4.111848111357323532e-01 1.130991908160213999e+00 1.803870032255664002e+00 9.545509607924962392e-01 -5.555343814811555259e-01 -1.210540830114749999e+00 -3.124952733527941007e+00 1.405171000626646904e+00 -5.779338914818745732e-01 -1.186134971400802707e+00 1.267915615884984692e+00 -2.766565632430351696e-01 3.892420658034784903e-02 -9.237060204968973176e-01 2.524026690384011395e+00 -1.689244266741228573e-01 -5.329310106604507880e-01 1.717045343859647577e+00 -3.531982547590108851e-02 -9.561311193658929009e-01 -1.803681275048901078e+00 -1.347722971780873857e+00 -5.857056677860651428e-01 2.458453937465147732e+00 1.948985454199829492e+00 1.108197165866706690e+00 7.329672285882445903e-01 -1.021197206338037677e+00 1.948565444801946545e-01 -6.181061640214200459e-01 -8.847986151871620741e-01 6.685942718554729325e-01 -1.146618793372787160e+00 -8.003927189193317249e-01 6.796386154931522983e-01 2.440623338333438141e+00 -1.250390589049328982e+00 1.184146858321251106e+00 -1.184811889719688649e+00 5.187987244851478552e-01 -1.253058912152171245e-01 1.662741476950091793e-02 -5.703029716245915370e-01 -2.385149456731690432e+00 9.800572364306496809e-01 -5.387684263836919341e-01 1.175048185587311167e+00 5.972221481304267054e-02 -6.444531909402126946e-01 4.054535523190211932e-01 1.809308274922942772e+00 7.484706989422774681e-01 1.778469730417216732e-01 3.946943786472636995e-01 1.034155910071269613e+00 -1.195728094178981848e+00 -4.668234025839267942e-01 1.682176694052392119e+00 -2.451270515262713445e+00 8.991387454562463355e-02 -4.228876242121516471e-01 4.024780924550962480e-01 -9.823851017509474537e-02 -1.647439440326958993e+00
-8.760595581105726781e-01 -1.348495188301102932e+00 -9.021603436492057204e-01 1.904102416393909536e+00 2.157820098677849963e+00 -8.575499085438782476e-01 -1.251961962644743798e+00 -1.068134722538307546e+00 3.213348774498627214e-01 -1.076226447001418091e-01 -3.828234570524382402e-02 -1.296739271394567738e-01 -5.046101383183912992e-01 1.048579328325623505e+00 -3.795756453089169091e-01 -2.382064306112773866e-01 1.990888404331446537e+00 4.047220850850402618e-01 -1.396061902047154080e+00 -3.685908579079061331e-01 1.869068315186332763e+00 8.688204566936589268e-01 -1.770624519852191270e+00 2.096043936088617943e-01 4.984545964217277914e-01 -1.339050577390195285e+00 1.564493294060242401e-01 -1.984723671128487688e-01 1.436072084194035536e+00 -1.112719020505787526e+00 -9.386081996153322615e-01 1.735676879251703220e+00 -3.789182421921415966e-01 -3.587062567876139751e-01 1.377972324047766761e-01 -1.229825694931280022e+00 -1.205405654602532906e+00 1.164481265966470946e+00 -9.395956289897127167e-01 -1.637171762249898910e+00 2.925853309513045897e+00 -5.856825166341654565e-02 2.170620425040747481e+00 -1.740952145267834705e+00 3.923728776240807403e-01 -1.365775772891729967e-01 -5.047343484241161304e-01 3.386664078800336597e-01 5.460292320988638926e-01 6.662118318891911972e-01 -8.975251385710228957e-01 -1.273855995618443648e+00 6.286811530846405649e-01 7.325871388300215781e-01 -1.316732466633991350e-01 1.266511159379417606e-01 -1.039669894736000799e+00 2.160395361449782392e+00 1.405003048067870797e+00 -1.820038781700339114e-01 -7.518096557323279416e-01 -1.214906366186899955e+00 -6.363408486822670629e-02 -3.400306816475032745e-01 -1.932962167557160937e-01 -5.837024562691303098e-01 -1.180573853730045641e+00 -1.769221752853212593e+00 1.861390940291040685e+00 1.138079151436741876e+00 2.018202396253317765e+00 1.636488566737991923e-01 -1.125152848041545584e+00 7.528343681090859940e-01 6.231545571937048278e-01 -7.054299512645676451e-01 2.081026030918680519e-03 6.349280933944924099e-01 -1.298775974165681024e+00 5.250721624192704606e-01 -6.918926285016252509e-05 4.146946217923841438e-01 -2.078657953053879293e-01 -3.186015834706117933e-01 -2.286460269045038560e-02 1.263720416005720271e+00 6.185164922792038555e-02 -3.397643632972821570e-02 -2.939312219168119800e-01 2.611473505949846730e-01 -1.556997663837538237e-01 -7.667262301448698469e-01 9.035978495942148525e-02 -1.628705335719673464e+00 -5.433221699480628164e-01 2.560025108091379398e-01 1.502720766346747894e+00 1.800549243404918398e+00 8.869608980039557222e-01 1.497254362940448336e-01
-8.914800839998832105e-01 -1.451846264644683637e-01 -9.528814912628111866e-01 -1.900460435727096664e+00 -8.530329288946590927e-01 -8.537860313683443003e-01 -7.081191224017659991e-01 -6.269029690319816162e-01 4.846675323806751839e-02 9.435764613688066849e-01 -6.579043010776021161e-01 3.305528404079335347e-01 1.799941591645112027e+00 -2.980469800989162810e-01 -4.013064397494341407e-01 -4.474214336509510503e-01 1.225601272618722426e+00 7.793287672433200086e-01 9.490463731770355515e-01 -2.700514893127537452e-01 6.129587083715720697e-01 -1.458098459658466295e+00 1.351635080705636816e-01 8.480260081145651885e-02 -7.504742345278982152e-02 -1.450058089630954228e-01 3.792696940999358557e-02 -4.588643353327430119e-01 1.011411330477744730e-01 7.566369261456279416e-02 -4.644223603332952588e-01 -2.065610964049647169e+00 -2.508012203103734405e-01 -5.605142925399360099e-01 -1.415818709187556812e-01 4.208531060654213674e-01 9.521444289240922343e-01 1.168670928987473268e+00 -2.358706291878344685e-01 5.571976990242178962e-01 -2.657721145571856694e-02 1.115156884551218308e+00 1.451510697220228074e+00 -9.862206258091087419e-01 2.434453335530543383e-01 1.074763750225697645e-02 -1.857695183300348829e-01 -2.842989942302569240e-02 -1.418084178314055865e+00 1.339594974184544540e+00 7.370699549967689723e-01 -6.212645522084563332e-01 -5.904819786740290732e-01 -1.592120818445091623e-01 -4.782301656682094171e-01 1.332234129736843631e+00 -1.240399599880512155e-01 -8.880091248999519848e-01 -1.030012460088664872e+00 8.806636022526950214e-01 4.664057085556136961e-01 8.684323475350513855e-02 -8.180790159406138295e-01 -2.178640938203330712e+00 4.478485609800436640e-01 -7.707684226612621092e-01 -4.452454518005581896e-01 6.824135435528339011e-01 -1.264467077993406408e+00 -3.201141571356154181e-01 -1.538748167339390793e+00 -8.523285859169024148e-01 -8.313190356716480822e-02 4.655968912391642706e-02 9.973339512893802938e-02 1.546212880979137561e+00 1.758635049315089072e+00 5.283675287968955248e-01 -2.506827216419404425e-01 1.834500154524406179e+00 -2.313484338435368493e+00 -6.502064488409906029e-02 2.466653106122073336e+00 1.709978369493467154e+00 1.969996013693212644e-01 -4.410100840823359403e-01 -1.035655212220193855e+00 7.516984311917664918e-01 3.471899797346220118e-01 -7.361781499562208841e-01 3.754651999682447894e-01 5.338806458311576852e-01 9.719617954860217957e-01 -6.113310741939743664e-01 -1.185271136164824490e+00 -1.175043406973319965e-01 9.832767926143838599e-02 -4.046836034877720478e-01 3.333784178609532134e+00 -8.956510849109523553e-01
3.762972821579292637e-02 2.264276737397183104e-01 1.149818188043065570e+00 -2.473045033933192471e-01 -9.229901861229796722e-01 -5.116110465651597661e-01 -9.620670274069660355e-01 -2.586696676093986014e+00 1.102109324450176064e+00 1.802794111319868886e+00 4.250373674360018450e-01 6.127178986673613714e-01 3.043672459086580462e-01 -3.881048665204399617e-01 8.276717281874352850e-01 -1.248632384893767266e+00 -1.868118598893734994e+00 -1.895513406763236208e-01 8.021543429078943355e-01 1.094811300920127906e+00 1.250213875583524106e-02 -5.282819014956536829e-01 5.399865377804915489e-01 -5.951473272115619384e-01 -1.025442721783338840e+00 1.481065900105737576e+00 8.997628448355471376e-01 5.682231450133849032e-02 -2.413597603006641723e+00 7.954274552395669898e-03 2.354556917372918334e-01 -5.849861313448533329e-01 -5.243993899851079332e-01 -1.893718365994705888e+00 -2.716159276977856418e+00 1.801693415075766580e-01 -5.096059858067624182e-01 1.699853094093382033e+00 3.288924350083480830e-01 -1.844487317039187058e-01 -2.619452128731563634e-01 9.290994857714756083e-01 4.913857856286245607e-01 -1.635487465570254706e+00 -6.941372543038540899e-01 7.338845061649442725e-01 -2.648262279918385809e-01 1.148160051179340391e+00 -1.550781718159164768e+00 1.917563147730614315e-01 2.479562499379786567e-01 -2.250727158278249818e-01 -1.311936786880496184e-02 1.569125620322146530e-01 -7.426515889771365120e-02 1.243611571644012814e+00 -5.573137822855139811e-01 1.361705711434002264e-01 6.231086419807939647e-01 -2.195622357966016680e-01 4.831816600519034388e-01 1.330860692010613910e-01 9.355201347464300321e-01 -3.603529709571424156e-01 -2.520537526136612527e+00 -6.257997439350126978e-01 -1.336754435877025804e+00 9.905787634141126619e-01 -4.316582624648419853e-02 -6.128340660495753545e-01 2.241693990907331457e+00 8.544465041448242593e-01 -6.850319480552712337e-01 -2.267991751353609420e+00 -1.333614443983699216e+00 -1.003693772280280783e+00 3.451563380792856961e-01 2.339322319343905665e+00 3.923881844542946862e-01 7.201418208542891275e-01 1.700658909018601506e+00 -5.838864052263607052e-01 -1.154875649406317817e-01 1.717850050942766549e+00 6.752612695464085824e-02 2.014737771203483963e+00 6.907476804372123524e-01 -7.365677880674464939e-01 1.612164979028478884e+00 7.463693296719122738e-01 9.742925055986069449e-02 -4.029220574084489970e-01 7.771891157302098785e-01 1.274792108426423265e-01 1.123199284361824368e+00 -9.567051948257399019e-01 -7.100313932048362142e-01 -1.112092438992618337e+00 2.886437555446618730e-01 -5.605537578305710977e-02
1.235166022139502218e+00 1.011992621137423276e+00 -6.424332191343975484e-01 -2.205839447185088398e-01 -5.408331072882871515e-01 1.588581886675425991e+00 1.184805688284963354e+00 -2.279157161782928709e-01 2.367792471688675293e-01 8.194439283635354121e-01 -6.953616433977581612e-02 2.238815473602238579e-02 1.163577736045454225e+00 4.205430302478098126e-01 2.440827971288185294e-01 6.474137928039938039e-01 -2.014805957969177386e-01 -6.949132221982492474e-01 -1.245871240709269800e+00 -1.074175983002657320e-01 1.328943345916303587e+00 4.395594566602502584e-01 1.778143507812887103e+00 -9.811394363345985470e-01 -4.763623381834466985e-01 6.542472813165378653e-01 9.188449101537261576e-01 5.480371277614505265e-01 -1.973384820714754850e+00 -1.413235500863204486e+00 -1.803294701163716152e+00 2.777617486648579770e-01 1.751313413016059861e-01 -8.267206377527409888e-02 7.060139715014747130e-01 -2.485739588653565202e-01 -5.265975184530802267e-01 8.047459349686694186e-01 -6.092343370306771977e-01 -2.673273719321469510e-01 -2.951434460291349482e-01 -6.581335886206323149e-01 -6.964807667791083068e-01 -1.544893632098890413e+00 1.000684463648641442e-01 -1.065967674804105148e+00 -3.987984943163228047e-01 2.081257574344868022e+00 -1.117407032171000791e+00 -1.669412597351695338e+00 -1.496004951310127451e+00 -3.818271437613411923e-01 -8.442557497228793117e-01 1.391386457777256114e+00 2.300519650941075245e+00 6.701675403962067401e-01 -5.629297052962408676e-01 1.246219299604932607e+00 2.416212737224984419e+00 -3.141233026663627359e-01 1.003399890793242211e+00 -2.320835879407678881e+00 3.558217521541851003e-01 -1.082938261945463498e+00 -5.331143764795760465e-01 1.260476938388557677e+00 -2.871798084661710160e+00 1.408205465608188600e+00 -1.011026518842427002e+00 1.038998533617520870e-01 2.241488390620305804e+00 -9.635761477155878607e-01 4.540439199040657292e-01 -1.151930603083546556e+00 4.156785065968716664e-01 1.652561491802236437e+00 1.872584885016501000e+00 -2.442070319666503064e-01 2.692614671577034935e-01 -1.773677452886497363e+00 3.584021024752085394e-01 -1.242310964406799112e+00 -7.035179627233771882e-01 -1.051964847677940629e+00 -3.717689786703020638e-01 8.379183510815505498e-01 1.925721591946109312e-01 1.489982211400919576e+00 -1.310825550231951298e-01 1.398269797046454155e+00 5.242918303931960455e-01 -1.578205451546623284e+00 -6.936695534707600919e-01 -1.658381956783686884e-01 2.321279387612322220e-01 1.399014787619146105e-01 -1.622240620554930568e-01 -1.062680102608411836e+00 -7.003345137233858431e-01 3.018430368318221757e-01
1.245538808861127444e+00 -8.823685916307125732e-01 -4.800896054910261390e-01 -7.201092653884390293e-02 -1.753585117924562287e+00 -8.740842456668120874e-01 -9.236381150642447579e-01 3.223738347651001757e+00 6.187353402150922443e-01 3.020038031177678661e-01 4.275937114992263699e-01 -1.843844700006034842e-01 -5.284292742953150546e-01 1.023172641017683571e+00 1.692392539368550164e+00 5.013255992681089346e-01 8.532415769276328055e-01 1.561155177827611984e-01 -1.655339600821050139e+00 -3.727383741531543199e-02 4.207199503432503263e-01 9.418474429263494763e-01 1.225166485723615750e+00 -1.685048268971774121e-01 -8.027149935943077574e-01 -1.144584263432166127e+00 -9.478831949637154253e-01 -3.497835129651195585e-01 -4.014754816985907637e-01 -5.046044670546763200e-01 -4.119185274639782790e-01 -1.468824376424487488e+00 2.620828822938185421e-01 -5.064453346463783090e-01 -1.430081927040266487e+00 -7.933172071357551536e-01 -9.729561956012650059e-01 -1.299149520456014617e+00 1.050986298502174510e+00 1.394586538651260588e+00 7.019982937224268360e-01 1.353749415707046766e-01 9.965539891619283608e-02 -7.165859753631748097e-02 -1.365038235903487829e+00 -1.799764688764154075e+00 -4.509173301949921386e-01 1.122711749258362035e+00 -1.708107606758714203e-01 -5.563973382370632770e-01 -5.078654482715554419e-01 1.876524849183364430e-01 -1.110320607569891038e+00 8.389336187265372669e-01 1.630953767306791313e+00 -1.541884286689863659e+00 3.858373709385317096e-01 -1.082431320332268854e+00 -7.104288867711245903e-01 -8.243667859007296206e-02 -2.400800699544826111e-01 -1.049407010946815433e+00 -1.615293358335121998e-01 -1.046984521819938951e+00 2.285313166908597426e-01 3.145005405910806795e-01 -1.062023473136794571e+00 1.220588998684677406e+00 -1.983628227093878760e+00 1.188437470814984742e+00 1.543496713800594611e+00 -5.983873893113622611e-01 2.982955917538360202e-01 -7.212793388413215601e-01 6.181525074899957284e-01 -6.923268537694005076e-01 9.509362698916281609e-01 7.861836241588958663e-01 5.889385832278151156e-01 3.032413418066958188e-01 -7.647479053408354210e-02 -1.711731761607421243e+00 8.223857853417384511e-01 1.375777327841262609e+00 -1.186469424229690539e-01 1.552429499832598536e-01 5.005216676084582594e-02 -8.224882527330469317e-01 1.380501684275442509e+00 -5.534977567670804621e-01 -2.313208851360172569e-01 -1.933467049470470878e-01 -6.402935721041036476e-01 1.649761829092041276e+00 2.666838565115189352e-01 1.220737385575699552e+00 -1.447151349520039432e-01 7.664926312232480665e-01 9.792602835867033617e-01 2.793216349280873145e-01
4.892336478323900950e-01 -3.371981378553894904e-01 -1.136852489085146134e+00 6.228050118570400695e-01 3.883838392295842212e-02 -2.564887843678675949e+00 -3.684246253039764163e+00 -1.820596807269415418e+00 7.337997143475457618e-01 1.244249286350539663e+00 1.753604419627479594e+00 3.131599581470764448e+00 -3.837034570672773204e-01 -1.004021316533003194e+00 1.262969449246430731e+00 1.861310946391214749e+00 -1.066352994008494259e-01 -7.078901465399702886e-01 8.628802091371955141e-02 -1.692366393650327927e+00 -7.030974318611468155e-01 5.736100462137607714e-01 8.642412313817822156e-01 -3.293037216326008654e+00 2.730454174828752745e+00 1.284415996049116604e+00 1.701503173367938881e+00 -1.549362301172836354e+00 -2.670034280634826507e-01 -3.905699008166843011e-01 7.948070659609771660e-01 -1.683748291685758722e-02 1.756243426269632035e+00 -1.113915586003465297e+00 -3.106713870218686946e+00 -9.607409203229350103e-02 5.832251686600543605e-01 -7.292062671714844013e-01 -1.432012121862859200e+00 -1.472216983906912580e+00 1.581237986387747929e-01 1.614538357641259081e+00 4.211737530125804763e-01 -4.007550470031043255e-01 1.276193553344083353e+00 2.266517961522984237e+00 -1.210205489281993341e+00 -1.258894263342817066e+00 -1.606557336836746397e-01 7.114312631544641441e-01 -1.232708209254702814e+00 4.961650415790916924e+00 6.812916837491197475e-01 -1.699697704411073040e+00 -2.485122897306315526e+00 6.414017121467259219e-01 1.886647856215469821e+00 8.795761152868555310e-01 2.510691709260044480e-01 -1.105984645122111587e+00 -1.158089525621340599e+00 -1.674616196768822007e+00 -1.103970629616588539e+00 4.316772709506950245e-01 -2.869034979756882819e+00 1.346569677447833069e+00 1.425810012248444947e+00 2.254397362416803996e-01 5.386984280153865878e-01 1.021334605213555236e+00 -4.351233084315865307e-01 -1.353115610003446490e+00 1.598214555486036526e+00 -1.342903903390765041e+00 1.094377736016185931e+00 -8.383824234165204725e-01 4.887367268828580191e-01 1.631949760325737339e-02 8.543482712017641534e-01 6.964476307552123213e-01 -3.744224220824032279e-01 1.673405420868880666e+00 -4.855887080875850303e-01 2.200460913052432743e-01 1.586252108161571250e+00 -4.777605067171289410e-01 -9.962271016066668317e-01 -1.116731658438197217e+00 -1.069844404690391881e+00 -5.413816980702251813e-01 -1.617164884738820696e+00 1.256759094434397594e+00 4.475464583988104095e-01 -1.075824102488516454e+00 9.969083714682998032e-01 1.037260786129297951e+00 5.165356887994660973e-01 -4.692604625439003030e-01 2.443168955971830938e-02 9.641968723854842382e-01
4.839161722617379979e-01 2.202016708067833228e+00 4.272390064802231713e-01 -5.703767653678637473e-01 -1.295184636110992660e+00 7.545824269903765869e-01 1.873749162077383179e+00 6.539864540683574257e-01 -2.192223815741734416e+00 5.983633682441674012e-02 1.273063856753937628e-01 -2.489563145225170970e+00 2.423177321113046290e+00 -1.507250533228388978e+00 7.175839795015085398e-01 6.749055627742071906e+00 -9.745156151307248216e-01 -9.923348611696809485e-01 1.187443829093277836e+00 -6.692569755847119217e-02 -1.100119081639683971e+00 -3.573960599740099164e-01 1.866911688395173297e+00 5.926903382983441659e-01 -2.041600238886819296e-01 3.098147984136864874e+00 2.366638998564601915e-01 -3.131328978797194851e-01 -1.495960694738736274e+00 -8.180817085965939484e+00 6.952542851892561104e-02 -5.999246254238015386e-01 6.750499998366015220e-01 7.054345253552375405e-01 9.337957624962919256e-01 9.146857011230280499e-01 1.136592126574553552e+00 -7.169929195472126704e-01 8.943919552827258590e-01 1.424484125673391777e+00 -9.976090590648356571e-01 4.079673492188297113e-01 -3.085703954950997918e-01 1.135345122214138414e+00 -2.094792066162947997e+00 2.163976545515320926e-01 6.332504950071522476e-01 -1.203775885299427584e+00 -4.653304450162497052e-01 -1.154409485626590071e+00 5.295866781926855671e-01 3.895227138885115625e+00 -1.090023678161254228e+00 -8.620358870037293508e-01 -6.461845551307884961e+00 -2.403807721768515815e-01 6.040091232004843880e-01 -1.066631872657570757e+00 -9.371714795576857604e-01 -2.566593521765578867e-01 4.188811101176695972e-01 1.048718495715158738e+01 -4.156977928796233845e-01 2.042997611460517782e-01 -1.647381385930435149e+00 4.805975387591781001e-01 1.148760890807062784e+00 2.060935525738671892e+00 -6.610113401547660361e-01 -1.482623287751570818e+00 -8.036999151466244218e-01 -3.631014963928991812e-01 -8.479456528186365416e-01 -1.171605562731012462e+00 -1.854568495946480322e+00 7.672137457538461547e-01 -9.441461183632225973e-01 -1.760601229068078144e+00 2.001622399860854440e+00 -1.780317430540595547e-01 -1.403574115327437671e-02 -2.697823560132881937e+00 1.915319247112756695e-02 -1.278280720738189435e+00 1.908865388810565111e+00 -1.095137868331980346e+00 -3.039781151274056348e-01 -8.711466931284383985e-02 6.451711324421422589e+00 -1.108544018658916830e+00 4.602331260936072810e-01 7.580260656514259399e-01 -1.581099688847908413e-01 1.069503935336643119e+00 2.823360542278475216e-01 -2.930078942911960027e+00 -1.591545346073796496e+00 -1.720770465229085833e+00 -2.065591436201942299e-01 -3.947529151942961168e-01
2.648268633398440208e+00 -1.077512514908544938e+00 6.252123538579594797e-01 8.969497898896171550e-01 3.123459918757270359e-01 1.478510380922047451e+00 6.396984186610774614e+00 2.683763168271481869e-01 2.720090446099579506e-01 -5.291244866813243908e-01 2.381119884910409268e-01 7.717896681529426983e-01 -2.540959417704830692e+00 6.744602182595340611e-01 6.707077447355885846e-01 -5.299532887337256026e-01 -7.327138866392052252e-01 -1.904140599538744150e+00 -1.253112811975036101e+00 1.074030336730400909e-01 -3.574030947448115225e-01 1.354268604814337085e+00 -5.337731017059741401e-01 -5.769525902261253281e-01 9.705427556535881628e-01 5.480096339570624808e-01 7.789167785491293294e-01 8.885491212322025323e-01 -5.792621017606903733e-01 9.262712645407141787e-01 1.187890942847614484e-01 1.008312242427335415e+00 5.235452646687381861e-01 8.023487512281178846e-01 7.037900014140267002e-01 -6.700456861491744798e-01 -1.110270424246717624e+00 -9.649842745193151217e-01 2.644357891007222405e-01 -5.298734759902766767e-01 -1.413494009699900467e-01 -8.672969458897424877e-01 -2.040505846259153544e-01 1.036100355897402903e+00 -2.693484876837079600e+00 -2.421077256848965520e-01 -1.759951828795870091e-03 1.848739511456016227e-01 1.630921372307159833e+00 -1.255660503831743213e+00 -5.424955834665972088e-01 -2.933765770965556019e+00 1.527765967541866221e+00 1.338161397850266554e-01 3.561721811560562223e+00 -1.791551469671159191e+00 6.578483312826023666e-02 -3.231451866347051505e-02 7.951473221377425293e-01 -6.452705241002718584e-01 -6.914517593458785472e-01 -9.761217319510349100e-01 2.019014028309806363e+00 1.084188045461684125e+00 -6.628072422789362150e+00 2.177632843952780561e+00 1.306819333788549864e+00 -1.013575974891611553e+00 7.036340580682504120e-01 2.826823322980098196e-01 6.890010887322207678e-01 5.144092028205853318e-01 -6.898629510735796444e-01 -5.527210565276108323e-01 -1.349208746559485306e+00 -1.193845360106097653e+00 -1.655798461804303123e+00 -1.196109152008040910e+00 -3.973705302905345960e-01 -5.932766295544463775e-01 1.070365221400129352e+00 1.547962438898748738e+00 -9.643354973722974011e-01 -5.360568195688444337e-01 -2.104382913015832468e+00 7.265366485061711677e-01 1.158200870495799784e+00 -1.886344405827014681e+00 2.050591215464589556e+00 1.759327183063755795e+00 -1.061803558375364220e+00 -1.096010809433954902e+00 -1.557638512509634587e+00 2.296082846212866846e-01 5.503709779553180859e-01 3.947073747154270645e-02 -4.945184737542088205e-01 3.446352746040874382e-01 -6.873706480587520318e-01 1.161629966829375471e+00
