# 
#                 ----------------------------------------------------
#                 Data from a 3D direct N-body simulation. 
# 
#                 rows are i-particle; 
#                 coumns are :mass, tag, x ,y, z, vx, vy, vz, ax, ay, az
# 
#                 NTHU, Computational Physics 
# 
#                 ----------------------------------------------------
#                 Time = 0.0
0.000000000000000000e+00 1.000000000000000000e+00 2.000000000000000000e+00 3.000000000000000000e+00 4.000000000000000000e+00 5.000000000000000000e+00 6.000000000000000000e+00 7.000000000000000000e+00 8.000000000000000000e+00 9.000000000000000000e+00 1.000000000000000000e+01 1.100000000000000000e+01 1.200000000000000000e+01 1.300000000000000000e+01 1.400000000000000000e+01 1.500000000000000000e+01 1.600000000000000000e+01 1.700000000000000000e+01 1.800000000000000000e+01 1.900000000000000000e+01 2.000000000000000000e+01 2.100000000000000000e+01 2.200000000000000000e+01 2.300000000000000000e+01 2.400000000000000000e+01 2.500000000000000000e+01 2.600000000000000000e+01 2.700000000000000000e+01 2.800000000000000000e+01 2.900000000000000000e+01 3.000000000000000000e+01 3.100000000000000000e+01 3.200000000000000000e+01 3.300000000000000000e+01 3.400000000000000000e+01 3.500000000000000000e+01 3.600000000000000000e+01 3.700000000000000000e+01 3.800000000000000000e+01 3.900000000000000000e+01 4.000000000000000000e+01 4.100000000000000000e+01 4.200000000000000000e+01 4.300000000000000000e+01 4.400000000000000000e+01 4.500000000000000000e+01 4.600000000000000000e+01 4.700000000000000000e+01 4.800000000000000000e+01 4.900000000000000000e+01 5.000000000000000000e+01 5.100000000000000000e+01 5.200000000000000000e+01 5.300000000000000000e+01 5.400000000000000000e+01 5.500000000000000000e+01 5.600000000000000000e+01 5.700000000000000000e+01 5.800000000000000000e+01 5.900000000000000000e+01 6.000000000000000000e+01 6.100000000000000000e+01 6.200000000000000000e+01 6.300000000000000000e+01 6.400000000000000000e+01 6.500000000000000000e+01 6.600000000000000000e+01 6.700000000000000000e+01 6.800000000000000000e+01 6.900000000000000000e+01 7.000000000000000000e+01 7.100000000000000000e+01 7.200000000000000000e+01 7.300000000000000000e+01 7.400000000000000000e+01 7.500000000000000000e+01 7.600000000000000000e+01 7.700000000000000000e+01 7.800000000000000000e+01 7.900000000000000000e+01 8.000000000000000000e+01 8.100000000000000000e+01 8.200000000000000000e+01 8.300000000000000000e+01 8.400000000000000000e+01 8.500000000000000000e+01 8.600000000000000000e+01 8.700000000000000000e+01 8.800000000000000000e+01 8.900000000000000000e+01 9.000000000000000000e+01 9.100000000000000000e+01 9.200000000000000000e+01 9.300000000000000000e+01 9.400000000000000000e+01 9.500000000000000000e+01 9.600000000000000000e+01 9.700000000000000000e+01 9.800000000000000000e+01 9.900000000000000000e+01
1.000000000000000056e-01 1.000000000000000056e-01 1.000000000000000056e-01 1.000000000000000056e-01 1.000000000000000056e-01 1.000000000000000056e-01 1.000000000000000056e-01 1.000000000000000056e-01 1.000000000000000056e-01 1.000000000000000056e-01 1.000000000000000056e-01 1.000000000000000056e-01 1.000000000000000056e-01 1.000000000000000056e-01 1.000000000000000056e-01 1.000000000000000056e-01 1.000000000000000056e-01 1.000000000000000056e-01 1.000000000000000056e-01 1.000000000000000056e-01 1.000000000000000056e-01 1.000000000000000056e-01 1.000000000000000056e-01 1.000000000000000056e-01 1.000000000000000056e-01 1.000000000000000056e-01 1.000000000000000056e-01 1.000000000000000056e-01 1.000000000000000056e-01 1.000000000000000056e-01 1.000000000000000056e-01 1.000000000000000056e-01 1.000000000000000056e-01 1.000000000000000056e-01 1.000000000000000056e-01 1.000000000000000056e-01 1.000000000000000056e-01 1.000000000000000056e-01 1.000000000000000056e-01 1.000000000000000056e-01 1.000000000000000056e-01 1.000000000000000056e-01 1.000000000000000056e-01 1.000000000000000056e-01 1.000000000000000056e-01 1.000000000000000056e-01 1.000000000000000056e-01 1.000000000000000056e-01 1.000000000000000056e-01 1.000000000000000056e-01 1.000000000000000056e-01 1.000000000000000056e-01 1.000000000000000056e-01 1.000000000000000056e-01 1.000000000000000056e-01 1.000000000000000056e-01 1.000000000000000056e-01 1.000000000000000056e-01 1.000000000000000056e-01 1.000000000000000056e-01 1.000000000000000056e-01 1.000000000000000056e-01 1.000000000000000056e-01 1.000000000000000056e-01 1.000000000000000056e-01 1.000000000000000056e-01 1.000000000000000056e-01 1.000000000000000056e-01 1.000000000000000056e-01 1.000000000000000056e-01 1.000000000000000056e-01 1.000000000000000056e-01 1.000000000000000056e-01 1.000000000000000056e-01 1.000000000000000056e-01 1.000000000000000056e-01 1.000000000000000056e-01 1.000000000000000056e-01 1.000000000000000056e-01 1.000000000000000056e-01 1.000000000000000056e-01 1.000000000000000056e-01 1.000000000000000056e-01 1.000000000000000056e-01 1.000000000000000056e-01 1.000000000000000056e-01 1.000000000000000056e-01 1.000000000000000056e-01 1.000000000000000056e-01 1.000000000000000056e-01 1.000000000000000056e-01 1.000000000000000056e-01 1.000000000000000056e-01 1.000000000000000056e-01 1.000000000000000056e-01 1.000000000000000056e-01 1.000000000000000056e-01 1.000000000000000056e-01 1.000000000000000056e-01 1.000000000000000056e-01
-2.300933512929709046e+00 1.380887183315214095e+00 -2.059170817564553446e-01 -1.253244477861102490e+00 2.085519843561312037e+00 -1.487329750681799068e+00 1.541613979118392486e-01 -1.575125366521878956e+00 -1.009878877273053810e+00 1.600293064457189551e+00 -2.586352547518216416e-01 7.273245193291622002e-01 2.592473353245204226e+00 -5.832401028361452466e-01 -5.890192458016786370e-01 -3.380630048585824832e-01 -2.796735021324181503e-01 6.536682712642194470e-01 -4.764637860839548433e-01 2.787731510925518297e+00 -1.057008101454258941e+00 9.191201034275224835e-01 5.076566092200406333e-01 1.850000873451948413e+00 -5.600800034551499662e-01 -4.908450303071841547e-02 -2.853780870655238736e-02 4.065576669643979901e-01 -8.079187115322440382e-01 -4.416999711407827989e-01 -5.644037836892791260e-01 -5.956431591722434193e-01 6.405612369779998261e-01 -1.306113801090655890e-01 6.518801497186211824e-01 -3.356246951872747242e-01 -5.423870749146831871e-01 3.628982398583845415e-01 -2.799279686327293959e+00 1.235429735153060538e+00 -1.761614735163963719e+00 7.068208023243750526e-01 -1.686187680325267335e-01 -1.281609482052019633e+00 1.094170963103885841e+00 -3.706530173124155114e-01 2.108858156984723953e-01 1.484240148009286386e+00 9.521101462552343797e-01 -1.553520751484972706e+00 1.754916447429439863e+00 4.265166293079357129e-01 8.101184925034414785e-01 -7.425460220779601939e-02 -2.557127918839263159e-01 -7.002294265100872384e-01 2.416208987481547776e+00 1.438276313106464643e+00 1.374267299001574294e+00 -3.609795139253506591e-01 -2.169211046231629691e-01 1.438267868463443122e+00 1.578866570197545949e+00 -1.882443531160214567e+00 5.138960345804154395e-01 -1.944727157766370784e-01 -6.312899163904651945e-02 -8.017311764899873738e-01 1.992907417263738712e-01 -4.080751642990135819e-01 2.636536923486553774e-01 1.378516323042760172e+00 -6.836724310946490357e-01 -6.628406971319182606e-02 -5.180378348454470760e-01 1.315314266034730561e+00 4.138013150542332319e-01 -4.550777034624223227e-01 1.665776172330720950e+00 -1.342871320488967291e+00 3.698839661763915765e-01 -6.324521535187327403e-01 8.189203539545883981e-01 9.119893095834251673e-01 7.850863877722724649e-01 7.137836332292394337e-01 -7.155453286657151857e-01 -7.061445696261013927e-01 -7.017507336958760389e-01 5.693440369202030782e-01 4.265491324616414448e-01 -8.543976453073697241e-01 6.417515262528771247e-01 -6.144860783950027994e-01 -4.314259028143661578e-01 7.844117941060895216e-01 1.605406696095671215e+00 -6.988207160488347780e-01 -4.884976195738031657e-01 -3.587381058316289617e-01
-1.709591166811295526e+00 4.585691328174099080e-01 -2.305186269418811884e-01 -3.860433451635770230e-01 5.088377267525200087e-02 8.513632270156187842e-02 -5.103435571493251111e-01 2.464194042587523614e-01 6.626539442545129610e-01 -1.282014023738790698e+00 -2.783225291826870174e-01 -2.095676556462218620e+00 1.658674478848322087e-01 4.307204541543278031e-01 -3.619352888856114392e-01 -2.294214741629087839e-01 4.957223559131622714e-01 1.748805936827236396e+00 -6.974304151795861495e-01 2.069490764890002388e-01 3.206892514250678783e-01 -2.913137050680161266e-01 5.556020994533473756e-01 2.041238334508071350e+00 -5.418130200766205912e-03 5.112631812009279519e-01 9.860216898616989967e-02 2.572566345902929097e-01 7.573014851027968231e-01 5.506777038389636392e-01 -2.452294217090673634e-01 -1.745105441491757947e+00 8.756376720146110681e-01 -9.767982184204532237e-01 8.005904682764235503e-01 1.856552397103070629e-01 -3.718150350252608094e-01 5.278358641038863874e-01 4.809752273924904342e-01 2.970842343502790306e-01 -4.653082119710961195e-01 2.178937462332883601e-01 -3.973476927377772028e-01 6.763215409398293243e-01 -3.435240618749832442e-01 3.433431435340987548e-02 6.181322460072791181e-01 -8.882146952086797387e-02 5.536181763967635838e-01 -1.842755904139189438e+00 -7.967410254109812406e-01 4.873423509763619710e-01 1.691968102477424407e-01 -1.276054614417030608e+00 2.267862057020740563e-01 -4.844037805156719556e-01 4.873067613540306708e-01 -9.475224780402931035e-01 -1.126806213428673820e+00 2.398079679009181564e-01 -2.180565802141452292e-01 1.857203461870973182e+00 1.685125014215240302e+00 -5.192214370431902370e-01 4.784346065745279653e-01 -5.363497164187965849e-01 -2.646527828393813397e+00 1.326230427321906102e-01 -1.023733076415333926e-01 -5.778724022786353443e-01 4.210096152584171247e-01 5.058204632003315826e-02 -2.711222979851679940e-02 1.479563618644637590e-01 -9.327158634718488717e-01 -3.501645913535079147e-01 1.475911236272315907e+00 -3.199677437594075080e-01 -4.168487174458311850e-01 4.532627180065020023e-02 1.023079462246995863e+00 2.387069206851935022e-01 8.820141957900249352e-01 2.252613214726456037e-01 1.827487394794027109e+00 -7.503417406074233131e-01 2.754424018476298586e-01 9.753011919067719471e-02 4.662719340325160444e-01 8.932196438026309693e-01 7.534245833351920218e-01 3.039203361130187603e-02 8.531712315225846721e-01 -3.271057225953728498e-01 1.431865637298970206e-01 6.433285209284526074e-01 6.180210429083324852e-01 -6.445787758028237446e-01 -1.050247017597846222e-01 7.589411107042214055e-02
1.267356382682103710e+00 2.139253664433846958e-01 -3.591854394221274949e-01 2.402601902076794360e+00 1.316529046123253499e+00 -4.701953721228193661e-01 6.517714900407755030e-01 -9.655917920452102843e-01 -9.288429839915282038e-01 7.533729658391650208e-01 5.981261948722483845e-01 1.563572068828180006e+00 -1.097479961092607148e+00 8.558915468231388657e-02 1.479059956940686760e-01 -1.763710952848793312e+00 1.282285877688710052e+00 -8.976927384703782264e-01 1.169677631384282851e-01 -4.767569283927663992e-01 -8.210014394119796721e-01 1.284615966801331555e-01 -4.649927340740029336e-01 1.096985926853131899e+00 -1.071735430200718930e+00 1.118772602688485884e+00 -1.986372527190335413e+00 -4.607822424780260162e-01 1.427467712413731799e-02 -1.796164814373129914e+00 1.683044154964961070e+00 1.565004466759238211e+00 -4.957240036359551461e-01 4.392185107740396721e-01 1.842462409249518568e-02 9.311015654391563423e-01 -1.004393063644562600e+00 -1.441391821089742509e-01 1.999486404844287302e+00 -4.386965193964313392e-01 -1.714730390740731858e+00 -4.422745793893588795e-01 -2.162806301543788390e+00 -1.237190075343665097e+00 -6.654091325346168651e-01 -3.827339783070498047e-01 8.378084461453846332e-01 -8.061785380755684960e-01 -2.901077973964806267e-01 -9.531205126494194380e-01 -4.228882899245477445e-01 2.498806827784104956e-01 8.649857534246213620e-01 7.639193453166969183e-01 -5.465414477890129241e-01 5.945646046821583264e-01 -8.789756120805268802e-01 -1.559270365308101369e-01 -9.500467260766690680e-01 -3.725913848795780470e-01 -8.693283122310360711e-02 5.680519839319733144e-01 -4.876372987418418625e-01 -2.068828619536339897e+00 -4.748510730155168502e-02 -1.374803701551408353e-01 4.085247307852276077e-01 -2.140552703021315617e-01 4.003065996645297497e-01 8.607594451646228828e-01 -1.085272873765054241e-01 3.436615311704872555e-01 -7.503648836340282013e-01 -5.542167631293166696e-01 1.520450443504965110e-01 -1.267098569457873802e+00 -2.135644103452585263e+00 9.499771909274525861e-01 1.562871745486135833e+00 5.700497048842425585e-01 -1.272038919703995852e+00 2.198563348351723346e-01 3.200623164899957462e+00 7.044701812295557364e-01 7.156904640855707989e-01 -7.243128608163578175e-01 -7.685304888753300423e-01 -1.317567368359681579e+00 5.480933934698657417e-01 -5.625866951167025620e-01 -4.766815716004930287e-02 -4.690343172427702823e-01 -2.260729202432887330e-01 1.096686257107342577e+00 -8.612896051764841188e-01 -5.650064392166775917e-01 -8.004820016545102224e-01 3.191785212032262065e-01 -4.357215768057827732e-01 2.074908918057574714e-01
-3.164435535429281021e+00 -9.617695724544172986e-01 2.113420915065460814e+00 1.371018061107958652e-01 3.562383631592084265e-01 9.922200642364664702e-01 -2.617089778216173945e-01 -1.573991354127077136e+00 -1.645523403626209191e+00 -7.378275749835203623e-01 6.985267256814835235e-02 -1.914269495384778030e-01 1.128010352962751428e+00 3.912078125275230134e-01 -1.609873544527158362e+00 -1.203796486104259239e-01 -8.312848112317652305e-01 -1.015435137435523716e+00 6.552741091300869070e-02 8.433140209732902237e-01 1.178618659610884301e+00 -7.894861943722023545e-01 -5.205373521008540422e-02 1.012408529047132300e+00 3.286619922323246734e-01 8.890256204897628578e-01 2.218487571063224306e-01 -1.192900317158674728e+00 3.973510883532972993e-01 -2.101180016462889932e-01 2.625060240009484680e-01 6.545761483840722983e-01 -2.558933109462134814e-01 1.514604311791208913e+00 -9.522217561284996856e-01 3.781663129617808816e-01 1.904451066719016761e-01 -9.637880422893126964e-01 -5.745062157404990932e-01 -1.837875773562571036e+00 -6.839729354652275273e-01 1.141124499506505630e-01 -1.897277764204666983e+00 2.270353824355293426e+00 1.038897298036126626e+00 1.754523674537196432e-01 1.976437840602667917e+00 1.840211837342892398e+00 -2.285403633715990868e+00 1.770259689349582000e-01 -6.357933247189770931e-01 -1.891215839328922677e+00 -8.962037948390770836e-01 6.192518800506254806e-01 2.080220177983431729e+00 1.661191425407749361e-02 -6.781635292507796064e-01 3.314332983779783581e-01 -1.389076187065835688e+00 1.670582361627356072e+00 9.429874651515270934e-01 6.694969490546932578e-01 -1.544153565212471324e-01 1.935354965394710802e-01 -1.346533581714847161e+00 9.643383656549862071e-01 4.048553563496372076e-01 1.201327235175399855e+00 7.959881303039122447e-01 -2.175959374360365572e-01 1.957943897829346747e-01 2.330550476187526421e+00 -7.991795727771483504e-01 9.937059753887704794e-01 1.603091533499944876e-01 7.689761176402375442e-01 9.743014912443228592e-01 -7.992928159497220131e-01 8.137284221808496198e-01 1.293524316988303058e+00 1.222690828310358802e+00 -1.196829957500354091e-01 8.244199558781440951e-01 3.124024544488924193e-01 -1.148853510610449380e+00 -2.272116584240274073e-01 4.798479524546779840e-01 4.090200499489893837e-01 5.318708962984064481e-01 -1.456797928879759452e+00 1.245203530919728241e+00 5.558672902707190167e-01 -1.997987250174940943e+00 7.425029013017306889e-01 -2.248627105139387350e+00 1.399715314821546208e+00 -8.250037931954128378e-01 7.116586292428302984e-01 9.632399044573969338e-01 3.984225702700585070e-01
-1.591571193031567244e+00 -1.352748375826048344e+00 -1.761412382613594119e+00 6.316565902229680229e-02 -5.388429782279846592e-01 9.920454479301469286e-01 1.509903098908392582e+00 1.375986982403556658e+00 -4.443552784765316677e-01 -2.728478263312252405e+00 5.454482109985769878e-01 -5.900688915956091574e-01 -1.065773227047788652e+00 -2.495270516601799660e+00 7.132975409319286531e-01 -3.686099882300832298e-01 -1.694308774700569731e-01 -8.312437570844299906e-01 -2.918043899493947713e+00 5.139675177294210640e-01 -7.255404176847725095e-01 -1.064332231575022325e+00 -1.940258696198740918e+00 9.451125005175466942e-01 -2.644394572312354530e+00 3.806961875983718713e-01 6.846050529010174746e-01 1.122834027513691380e-01 -9.809643788993021030e-01 -1.944330379759569571e-01 6.818393923590941874e-01 -3.848960632887481470e-01 -1.619833050356389581e+00 6.435699301091516444e-01 3.351714525954354040e-01 4.971908099117340329e-01 -1.469112219357195936e-01 8.382271477857162756e-01 9.133478699041667204e-01 -1.324670567957183964e+00 5.089254347810391321e-01 2.184269632344515433e-01 6.839570254647719949e-01 -1.161323876250892617e+00 -7.147991282453807216e-01 -2.183332740203792754e-01 -1.422726369017210057e+00 1.932258742866324486e+00 -9.400038857554626759e-01 6.731395738235806947e-01 4.194414718373977724e-01 1.443729629583415441e+00 2.134821166488500399e+00 1.338786963020398346e+00 -6.933157490140217094e-01 -8.387535125413164705e-02 2.154877209961012063e+00 2.001023584468197392e+00 5.764599041879238106e-01 3.877562103820029193e-01 -4.758008299533107721e-02 -2.126527589001452889e-01 1.442383274010312078e-01 -2.606545909355280077e-01 1.087090237507540191e+00 -6.869116585878212167e-01 -4.503455867869182172e-01 4.820647334570472009e-01 2.418649871470002211e+00 -1.235465675922360340e+00 -5.975163706885979753e-01 1.379443967807313598e+00 2.217867508959589173e+00 1.358554347402015861e+00 -4.833593131516542574e-01 1.232056112029925155e+00 -1.137632094420439888e+00 2.292341813214551216e+00 -6.670626891312185780e-01 5.243108044937830892e-01 -1.198778901495478388e+00 3.565880423743281180e-01 -2.880846346525007817e-01 1.194578097395588401e+00 1.253410713909051399e-01 1.007997212006377652e-01 7.412606019411981384e-01 -8.752937869622665623e-01 -1.367894056622183330e+00 2.621577023725534694e+00 1.308808436384087948e-01 7.003688092020209366e-01 2.513291722099933456e-01 -6.748824854628302505e-01 -3.232318311873178529e-01 -4.823820305093642902e-01 7.801946175957018281e-02 -7.332358401448001162e-02 3.402708497704598489e-01 -1.120855721052609111e+00
-6.875927882994684603e-01 1.505715799419496514e+00 5.840597022569475882e-01 3.714729157415422867e-01 9.500220071345595318e-01 -2.318639237242771725e-02 4.410708438385443353e-01 9.891707558423040725e-01 7.662799382879547094e-01 -1.120344284079376918e+00 -4.597260716367046474e-01 -3.560205699549744418e-01 -1.174419960357627302e+00 1.792231148604822855e-01 -4.452614962049225023e-01 1.531857626061409183e+00 -2.023847536656142587e-01 1.431909166751905715e+00 -2.111307536880398850e+00 -6.789000779395283625e-02 -7.336905436175253925e-01 -1.665046088258626877e+00 -5.426663099923162425e-01 -4.891447155180164152e-01 -4.442420306502286032e-01 -1.952749694827397020e+00 -5.620944402358644121e-01 1.434716953498681447e+00 -1.012650836003382154e-01 -2.208769229032624959e-01 1.003325210891399255e+00 -1.720466700904063340e-01 9.718979508678331491e-01 1.585928311634013488e+00 -1.496167899962902226e+00 -3.689598900282691774e-01 1.151641872719673110e+00 9.385061905037156427e-03 3.568625054975291255e-01 -6.884838696616154552e-01 -9.736487250258312187e-01 -1.402683317050346545e+00 3.909961996964982922e-01 -5.331514646719581751e-01 -1.652948362088635825e+00 1.785374678484485944e+00 6.577461207209051031e-01 -1.434687459193267900e+00 -2.998441559253803845e-01 6.348866624854484497e-01 -1.470336021852422403e+00 5.056261660996266144e-02 -8.332934670911492647e-01 -5.558463809198287420e-01 -2.258781093569816878e-01 1.776240685781033335e+00 1.098783631987018117e+00 -5.589612152238828680e-01 -1.495210349974834152e+00 -1.139164696455264414e+00 -2.644365255629260725e-01 5.950972269372456491e-01 -3.884593362285129747e-01 -4.080374335052846524e-01 4.900292448369925058e-01 1.722557779014799895e+00 -6.316002874381638765e-01 -2.363610740452042780e+00 1.498716687916739898e-01 1.344328416603381982e-01 -4.266115605001649103e-01 -1.544374284041097001e+00 1.173515697931059254e+00 -3.528633009661963915e-01 -1.483035768069718374e+00 -1.490387684761374176e+00 7.871427583652425009e-01 -1.164582425441281280e-02 -1.254432661352228529e+00 1.708272509170252196e-01 1.064744006594996906e+00 5.164600924135783755e-01 7.511574651010933801e-01 -4.052761077895435937e-01 1.439508266461413388e+00 -1.020493880303125156e+00 1.959359168236388005e+00 1.362834440710677164e+00 -8.987540570322175570e-01 -8.809409930506841846e-01 3.379178629098318787e+00 -2.052594085025357895e+00 3.307965460600777452e-01 -4.560352744462374819e-01 -9.697770401664241868e-01 1.125664041808522864e+00 7.957003404167857230e-01 3.499323960252399002e-01 2.170843805671521798e-01 8.910620832083609999e-01
6.497755047683070329e-01 -2.407714219781285081e+00 -1.793858406616094303e+00 5.310596423336167993e-01 -1.155938930908433804e+00 2.947165079172929580e+00 -1.684931184176548857e+00 2.658773209886680089e+00 1.395927426868686094e+00 -8.943873616904109980e-01 -4.691392145610518982e-01 -3.057013993322567624e-01 -1.350231782570659123e+00 1.131841703984179270e+00 2.248418376380551198e+00 3.256921927036596220e-01 1.329574475908131159e+00 -2.994110562517747209e-01 1.911934676432052171e-01 -1.443695449045657275e+00 3.252709428299767946e+00 -1.517104046276813278e+00 3.249715897365265116e-01 -7.145517260199012455e-01 3.713486996101497128e-01 -8.300691450090600387e-01 -6.114197201206712506e-01 7.693347285508152222e-02 2.131726860954795466e+00 3.747037881111012214e-01 5.077301464353467519e-01 3.203498126713186234e-01 -7.922803767398583830e+00 -7.540986115946798352e-01 -3.409429137383278796e+00 6.239928753001144912e-01 5.699838946487880698e-01 5.975915664690130136e-01 5.875584816362161567e-01 -2.881750347922090505e+00 8.749675082097010392e-01 -2.642570288048196936e+00 -1.229097856495516700e-01 1.929259233518985983e+00 -1.142746858832393464e+00 -2.143685878415392820e-01 -7.002254043202978950e-01 -2.031576340263555824e+00 -3.913332612566691182e+00 6.310409628290454265e-01 -1.850393195721399930e+00 -5.074361997910674660e-01 -5.968347098650383931e-02 -3.247438335606263604e-01 -3.592669049425085137e-01 2.785375343078722477e+00 -1.053315383603862454e+00 -9.309838438471255140e-01 -8.663397587120186261e-01 1.512808880433023084e+00 -9.210189152023117165e-01 -7.673428516496421103e-01 -1.048485412108144388e+00 1.043801535565992422e+00 -4.426475064160765527e+00 -1.047272434741827851e+00 1.615623824626497354e-02 3.548855034629220917e+00 -1.406896119940580059e+00 -2.168519247434257807e-02 4.800010216949801567e+00 -2.242540715348127822e+00 2.662827876765661017e+00 -3.912678251006887375e+00 1.208884723673280259e+00 -1.040536027251606432e+00 -1.779133949583821539e-01 -4.355850696706019543e-01 -7.369813936283634570e-01 2.498298944433316571e+00 -2.187283256065002401e-01 2.788237990711809999e+00 -1.465672453746038328e-01 -2.716710895618151600e+00 -1.153319870843187434e-01 -4.853635453366652031e-01 2.015618498870732633e+00 1.575443089254456419e+00 1.943298698632478061e+00 7.140114117274995564e+00 2.014887249649373491e+00 4.306110204375956485e+00 -2.071789604424922437e+00 2.984246164580486305e+00 -1.230450118960609851e+00 -3.557589517805383128e+00 -1.850242273812906735e+00 3.256207764278669536e+00 3.245674910186202133e+00 -1.868345510141006804e-01
4.832958097212987636e-01 -9.708016519564841573e-01 3.376866161776536757e+00 1.319370946758501861e-01 -9.974924711909641251e-02 2.071592666652208869e-01 1.746480205712086065e+00 -1.384111944111079406e-01 -2.797013052723179349e+00 9.769002210956053700e-01 3.464580809416618057e-01 8.228334425280752207e-01 4.010920335805899239e-01 -3.557220018041297394e+00 6.295048968734744399e-01 8.603755327080072624e-01 -1.243018952930485366e+00 -1.842955304255615490e+00 2.088417558524898077e+00 6.280718417739858395e-02 -7.783687932440735979e-01 1.621917242183915642e+00 -5.518652643626885679e-01 -7.710249431792801644e-01 1.146867497561654625e+00 -1.324730764532121796e+00 -3.014632892034128653e-01 1.935130462407884000e+00 -3.109449949547836489e+00 -1.028926919885406299e+00 2.159612544597515893e-01 9.818549163287424442e-01 -2.755934223704826547e+00 2.683601734405309358e+00 -3.593099048920837646e+00 -7.500985508153159564e-01 3.277902329517516922e+00 -3.516906200750846700e+00 -1.350562509370880071e-01 3.110779426002590053e-01 3.687637840318500615e-01 2.290717155951093265e+00 9.844176249656442224e-01 -1.485967363250941142e+00 1.265085550898535027e+00 6.716449856197852508e-01 -1.732640697185732659e+00 3.513924954577011817e-01 -6.272424165900167825e-01 9.147395333793604255e-01 9.098284320813129211e-01 -6.014922010920268347e-01 7.219353161226619298e-01 2.353115932150370515e+00 -3.172815542818967494e+00 1.049782751317428264e+00 -7.415053655912279273e-01 1.535442474649684863e+00 1.463111140453826620e+00 -4.683523210980110818e+00 1.292921149184417473e+00 -1.083797361931212455e+00 -1.294374939109703249e+00 4.176619269858449224e-01 1.605923140437983898e+00 3.822671762990853761e+00 1.061119732843292862e+00 -8.185732743760399943e-01 6.273696412051891214e-01 3.201411902983246627e+00 3.123225030919649203e+00 7.499591891367387575e-01 2.341401753681052522e+00 4.901765365857732593e-01 4.986684341734986425e+00 6.827502189632933538e-01 -8.204064762093841168e-01 -3.841536589145467806e-01 4.278549883603185999e-01 -1.720605657164650526e-01 -1.394221534883952174e+00 -2.096989792962233867e-01 -1.910107341321724272e-01 -7.827509986823526500e-01 -1.389613164634660336e+00 1.877371333318740954e+00 -2.850451864856843986e+00 -2.614936073627495139e-01 -2.057183465014111867e+00 -5.791040864577191805e+00 -4.905642356472663224e+00 9.647184704126660071e-01 -4.540562711197452472e+00 4.154810246830948905e-01 -1.130760925655300619e+00 -4.728095657891579484e-01 -8.652046328179903156e-01 2.509117033108154704e+00 4.242182201729384872e+00 -3.013273251294623090e-01
-3.306108097627847853e-01 -8.956429608077153270e-01 1.935075347991339179e+00 -1.023989438710088962e+00 -7.664324935945532324e-01 -1.921389847836563192e-01 -1.816622567225572471e+00 1.040449087657134619e+00 1.102351748391633635e+00 -5.717256271336490503e-01 -1.520341852022223161e+00 -6.132380418240350739e-01 9.845866368811446723e-01 -2.867707562793816445e-01 -3.489676292915166456e-01 1.680304406402890249e+00 -3.116821545041622343e+00 7.224946989426980215e-01 8.198299904345658362e-01 -2.372247367348347125e-01 1.179814846508746129e+00 -6.472180348783883597e-01 2.899499193856580614e+00 -6.247565262849716916e-01 3.760149267896912839e+00 -2.003252737101443248e+00 1.986081259290449763e+00 2.387065146024702766e+00 -4.164682874598590323e-01 1.975183492815058006e+00 -2.241164104657779266e+00 -8.557948647677658949e-01 -3.913387279009944653e+00 -6.268648695537492044e-01 -3.846924675417867423e+00 -2.145230000877323295e+00 2.281021360921570817e+00 1.941450747980951297e+00 -4.060626517690250070e-01 6.827629834430535283e-01 3.104280063269781453e-01 1.472280622644834391e+00 2.037077233454155145e+00 1.876425028675087203e+00 8.538077297439539137e-01 -7.872218306890098605e-01 -1.747398944008752508e+00 1.089677222773767662e+00 -4.567171922993882860e-01 3.479180751646109293e-01 3.354988934268807177e-01 -4.099205108393526586e+00 -4.084582434149228725e+00 -1.276651962309385935e+00 3.667532454834438571e+00 -1.971446433440894319e+00 3.520561109455949134e-01 -4.179273664039867553e-01 9.163829375051262272e-01 -1.930967063388811855e+00 -1.631599031170486658e+00 -3.458507492253914406e-01 2.823162912900338273e-01 1.475363402926386902e+00 -2.838037222837466622e+00 7.572482359052690182e-01 -8.314399545383331647e-02 -1.490731167862289874e+00 -1.469087939600104642e+00 -2.211788473007550326e+00 -1.528551343801279883e+00 -1.080435731025389146e+00 1.990268882919048465e+00 2.532014326221471823e+00 2.015602997311037037e-01 1.856041573283873092e+00 1.129663407338611814e+00 -2.012852595516912757e+00 -1.082269857272051716e+00 -1.108316281844663242e+00 1.871778837098563519e+00 -2.370219079070072343e+00 -7.007950472732376035e-01 -5.234101301367801579e-02 -7.425211222196964611e-01 1.014446671467170047e+00 1.710852203022419582e+00 3.718728640254166606e+00 -2.333814735553245256e+00 9.550035400400842533e+00 -2.036314165131919207e+00 4.724506337538034728e-01 -2.744608279616452262e-01 -4.115812892885653440e+00 3.249329897158779179e+00 3.629109479450169040e+00 1.091176999975663309e+00 -1.012352773320401633e+00 1.449157299555935641e+00 -1.877681157568464432e+00
